44032		44033		44034	A	44035	B	44036		44037	C	44038	D	44039		44040		44041		44042		44043	E	44044	F	44045	G
44046	H	44047	I	44048		44049		44050		44051		44052		44053		44054		44055		44056	J	44057		44058		44059	
44060		44061		44062	K	44063	L	44064		44065	M	44066	N	44067	O	44068		44069	P	44070	Q	44071	R	44072	S	44073	T
44074	U	44075	V	44076		44077		44078	W	44079		44080		44081		44082	X	44083	Y	44084	Z	44085	a	44086	b	44087	c
44088		44089		44090	d	44091	e	44092		44093	f	44094	g	44095	h	44096		44097	i	44098	j	44099	k	44100	l	44101	m
44102	n	44103	o	44104	p	44105	q	44106	r	44107		44108	s	44109		44110	t	44111	u	44112	v	44113	w	44114	x	44115	y
44116		44117	z	44118		44119		44120		44121		44122		44123		44124		44125		44126		44127		44128		44129	
44130		44131		44132		44133		44134		44135		44136		44137		44138		44139		44140		44141		44142		44143	
44144		44145		44146		44147		44148		44149		44150		44151		44152		44153		44154		44155		44156		44157	
44158		44159		44160		44161		44162		44163		44164		44165		44166		44167		44168		44169		44170		44171	
44172		44173		44174		44175		44176		44177		44178		44179		44180		44181		44182		44183		44184		44185	
44186		44187		44188		44189		44190		44191		44192		44193		44194		44195		44196		44197		44198		44199	
44200		44201		44202		44203		44204		44205		44206		44207		44208		44209		44210		44211		44212		44213	
44214		44215		44216		44217		44218		44219		44220		44221		44222		44223		44224		44225		44226		44227	
44228		44229		44230		44231		44232		44233		44234		44235		44236		44237		44238		44239		44240		44241	
44242		44243		44244		44245		44246		44247		44248		44249		44250		44251		44252		44253		44254		44255	
44256		44257		44258		44259		44260		44261		44262		44263		44264		44265		44266		44267		44268		44269	
44270		44271		44272		44273		44274		44275		44276		44277		44278		44279		44280		44281		44282		44283	
44284		44285		44286		44287		44288		44289		44290		44291		44292		44293		44294		44295		44296		44297	
44298		44299		44300		44301		44302		44303		44304		44305		44306		44307		44308	A	44309	B	44310	C	44311	D
44312		44313	E	44314	F	44315	G	44316		44317	H	44318	I	44319	J	44320		44321	K	44322	L	44323	M	44324	N	44325	O
44326	P	44327	Q	44328	R	44329		44330	S	44331	T	44332		44333		44334	U	44335	V	44336	W	44337	X	44338	Y	44339	Z
44340		44341		44342	a	44343	b	44344		44345	c	44346	d	44347	e	44348		44349	f	44350	g	44351	h	44352	i	44353	j
44354	k	44355	l	44356		44357		44358	m	44359		44360	n	44361		44362	o	44363	p	44364	q	44365	r	44366	s	44367	t
44368		44369	u	44370	v	44371	w	44372		44373	x	44374	y	44375	z	44376		44377		44378		44379		44380		44381	
44382		44383		44384		44385		44386		44387		44388		44389		44390		44391		44392		44393		44394		44395	
44396		44397		44398		44399		44400		44401		44402		44403		44404		44405		44406		44407		44408		44409	
44410		44411		44412		44413		44414		44415		44416		44417		44418		44419		44420		44421		44422		44423	
44424		44425		44426		44427		44428		44429		44430		44431		44432		44433		44434		44435		44436		44437	
44438		44439		44440		44441		44442		44443		44444		44445		44446		44447		44448		44449		44450		44451	
44452		44453		44454		44455		44456		44457		44458		44459		44460		44461		44462		44463		44464		44465	
44466		44467		44468		44469		44470		44471		44472		44473		44474		44475		44476		44477		44478		44479	
44480		44481		44482		44483		44484		44485		44486		44487		44488		44489		44490		44491		44492		44493	
44494		44495		44496		44497		44498		44499		44500		44501		44502		44503		44504		44505		44506		44507	
44508		44509		44510		44511		44512		44513		44514		44515		44516		44517		44518		44519		44520		44521	
44522		44523		44524		44525		44526		44527		44528		44529		44530		44531		44532		44533		44534		44535	
44536		44537		44538	A	44539	B	44540		44541	C	44542	D	44543		44544		44545		44546	E	44547	F	44548	G	44549	H
44550	I	44551	J	44552		44553		44554	K	44555		44556	L	44557		44558	M	44559	N	44560	O	44561	P	44562	Q	44563	R
44564		44565	S	44566	T	44567	U	44568	V	44569	W	44570	X	44571	Y	44572	Z	44573	a	44574	b	44575	c	44576	d	44577	e
44578	f	44579	g	44580	h	44581	i	44582	j	44583	k	44584	l	44585	m	44586	n	44587	o	44588	p	44589	q	44590	r	44591	s
44592		44593		44594	t	44595	u	44596		44597	v	44598	w	44599		44600		44601	x	44602		44603	y	44604	z	44605	
44606		44607		44608		44609		44610		44611		44612		44613		44614		44615		44616		44617		44618		44619	
44620		44621		44622		44623		44624		44625		44626		44627		44628		44629		44630		44631		44632		44633	
44634		44635		44636		44637		44638		44639		44640		44641		44642		44643		44644		44645		44646		44647	
44648		44649		44650		44651		44652		44653		44654		44655		44656		44657		44658		44659		44660		44661	
44662		44663		44664		44665		44666		44667		44668		44669		44670		44671		44672		44673		44674		44675	
44676		44677		44678		44679		44680		44681		44682		44683		44684		44685		44686		44687		44688		44689	
44690		44691		44692		44693		44694		44695		44696		44697		44698		44699		44700		44701		44702		44703	
44704		44705		44706		44707		44708		44709		44710		44711		44712		44713		44714		44715		44716		44717	
44718		44719		44720		44721		44722		44723		44724		44725		44726		44727		44728		44729		44730		44731	
44732		44733		44734		44735		44736		44737		44738		44739		44740		44741		44742		44743		44744		44745	
44746		44747		44748		44749		44750		44751		44752		44753		44754		44755		44756		44757		44758		44759	
44760		44761		44762		44763		44764		44765		44766		44767		44768		44769		44770		44771		44772		44773	
44774	A	44775	B	44776		44777	C	44778	D	44779		44780	E	44781		44782	F	44783	G	44784	H	44785	I	44786	J	44787	K
44788		44789	L	44790	M	44791	N	44792		44793	O	44794	P	44795	Q	44796		44797	R	44798	S	44799	T	44800	U	44801	V
44802	W	44803	X	44804	Y	44805	Z	44806	a	44807		44808		44809	b	44810	c	44811	d	44812	e	44813		44814	f	44815	g
44816		44817	h	44818	i	44819	j	44820	k	44821	l	44822	m	44823	n	44824	o	44825	p	44826	q	44827	r	44828	s	44829	t
44830	u	44831	v	44832	w	44833	x	44834	y	44835	z	44836		44837		44838		44839		44840		44841		44842		44843	
44844		44845		44846		44847		44848		44849		44850		44851		44852		44853		44854		44855		44856		44857	
44858		44859		44860		44861		44862		44863		44864		44865		44866		44867		44868		44869		44870		44871	
44872		44873		44874		44875		44876		44877		44878		44879		44880		44881		44882		44883		44884		44885	
44886		44887		44888		44889		44890		44891		44892		44893		44894		44895		44896		44897		44898		44899	
44900		44901		44902		44903		44904		44905		44906		44907		44908		44909		44910		44911		44912		44913	
44914		44915		44916		44917		44918		44919		44920		44921		44922		44923		44924		44925		44926		44927	
44928		44929		44930		44931		44932		44933		44934		44935		44936		44937		44938		44939		44940		44941	
44942		44943		44944		44945		44946		44947		44948		44949		44950		44951		44952		44953		44954		44955	
44956		44957		44958		44959		44960		44961		44962		44963		44964		44965		44966		44967		44968		44969	
44970		44971		44972		44973		44974		44975		44976		44977		44978		44979		44980		44981		44982		44983	
44984		44985		44986		44987		44988		44989		44990		44991	A	44992		44993	B	44994	C	44995	D	44996	E	44997	F
44998	G	44999		45000		45001		45002	H	45003		45004	I	45005		45006		45007	J	45008	K	45009	L	45010	M	45011	N
45012		45013	O	45014	P	45015	Q	45016	R	45017	S	45018	T	45019	U	45020		45021	V	45022	W	45023	X	45024	Y	45025	Z
45026	a	45027	b	45028	c	45029	d	45030	e	45031	f	45032		45033		45034	g	45035	h	45036	i	45037	j	45038	k	45039	l
45040		45041		45042	m	45043	n	45044		45045	o	45046	p	45047	q	45048		45049	r	45050	s	45051	t	45052	u	45053	v
45054	w	45055	x	45056		45057		45058	y	45059	z	45060		45061		45062		45063		45064		45065		45066		45067	
45068		45069		45070		45071		45072		45073		45074		45075		45076		45077		45078		45079		45080		45081	
45082		45083		45084		45085		45086		45087		45088		45089		45090		45091		45092		45093		45094		45095	
45096		45097		45098		45099		45100		45101		45102		45103		45104		45105		45106		45107		45108		45109	
45110		45111		45112		45113		45114		45115		45116		45117		45118		45119		45120		45121		45122		45123	
45124		45125		45126		45127		45128		45129		45130		45131		45132		45133		45134		45135		45136		45137	
45138		45139		45140		45141		45142		45143		45144		45145		45146		45147		45148		45149		45150		45151	
45152		45153		45154		45155		45156		45157		45158		45159		45160		45161		45162		45163		45164		45165	
45166		45167		45168		45169		45170		45171		45172		45173		45174		45175		45176		45177		45178		45179	
45180		45181		45182		45183		45184		45185		45186		45187		45188		45189		45190		45191		45192		45193	
45194		45195		45196		45197		45198		45199		45200		45201		45202		45203		45204		45205		45206		45207	
45208		45209		45210		45211		45212		45213		45214		45215		45216		45217		45218		45219		45220		45221	A
45222	B	45223	C	45224		45225		45226	D	45227		45228		45229		45230		45231		45232	E	45233		45234	F	45235	
45236		45237		45238	G	45239	H	45240		45241	I	45242	J	45243	K	45244		45245	L	45246	M	45247	N	45248	O	45249	P
45250	Q	45251	R	45252		45253		45254	S	45255		45256		45257		45258	T	45259	U	45260	V	45261	W	45262	X	45263	Y
45264		45265		45266	Z	45267	a	45268		45269	b	45270	c	45271	d	45272		45273	e	45274	f	45275	g	45276	h	45277	i
45278	j	45279	k	45280		45281	l	45282	m	45283	n	45284	o	45285		45286	p	45287	q	45288	r	45289	s	45290	t	45291	u
45292	v	45293	w	45294	x	45295	y	45296	z	45297		45298		45299		45300		45301		45302		45303		45304		45305	
45306		45307		45308		45309		45310		45311		45312		45313		45314		45315		45316		45317		45318		45319	
45320		45321		45322		45323		45324		45325		45326		45327		45328		45329		45330		45331		45332		45333	
45334		45335		45336		45337		45338		45339		45340		45341		45342		45343		45344		45345		45346		45347	
45348		45349		45350		45351		45352		45353		45354		45355		45356		45357		45358		45359		45360		45361	
45362		45363		45364		45365		45366		45367		45368		45369		45370		45371		45372		45373		45374		45375	
45376		45377		45378		45379		45380		45381		45382		45383		45384		45385		45386		45387		45388		45389	
45390		45391		45392		45393		45394		45395		45396		45397		45398		45399		45400		45401		45402		45403	
45404		45405		45406		45407		45408		45409		45410		45411		45412		45413		45414		45415		45416		45417	
45418		45419		45420		45421		45422		45423		45424		45425		45426		45427		45428		45429		45430		45431	
45432		45433		45434		45435		45436		45437		45438		45439		45440		45441		45442		45443		45444		45445	
45446		45447		45448		45449		45450		45451		45452		45453		45454		45455		45456		45457		45458		45459	
45460		45461		45462		45463		45464		45465		45466		45467		45468		45469		45470	A	45471	B	45472	C	45473	D
45474	E	45475	F	45476	G	45477	H	45478	I	45479	J	45480		45481	K	45482	L	45483	M	45484	N	45485	O	45486	P	45487	Q
45488	R	45489	S	45490	T	45491	U	45492	V	45493	W	45494	X	45495	Y	45496	Z	45497	a	45498	b	45499	c	45500	d	45501	e
45502	f	45503	g	45504	h	45505	i	45506	j	45507	k	45508	l	45509	m	45510	n	45511	o	45512	p	45513	q	45514	r	45515	s
45516		45517	t	45518	u	45519	v	45520		45521	w	45522	x	45523	y	45524		45525	z	45526		45527		45528		45529	
45530		45531		45532		45533		45534		45535		45536		45537		45538		45539		45540		45541		45542		45543	
45544		45545		45546		45547		45548		45549		45550		45551		45552		45553		45554		45555		45556		45557	
45558		45559		45560		45561		45562		45563		45564		45565		45566		45567		45568		45569		45570		45571	
45572		45573		45574		45575		45576		45577		45578		45579		45580		45581		45582		45583		45584		45585	
45586		45587		45588		45589		45590		45591		45592		45593		45594		45595		45596		45597		45598		45599	
45600		45601		45602		45603		45604		45605		45606		45607		45608		45609		45610		45611		45612		45613	
45614		45615		45616		45617		45618		45619		45620		45621		45622		45623		45624		45625		45626		45627	
45628		45629		45630		45631		45632		45633		45634		45635		45636		45637		45638		45639		45640		45641	
45642		45643		45644		45645		45646		45647		45648		45649		45650		45651		45652		45653		45654		45655	
45656		45657		45658		45659		45660		45661		45662		45663		45664		45665		45666		45667		45668		45669	
45670		45671		45672		45673		45674		45675		45676		45677		45678		45679	A	45680	B	45681	C	45682	D	45683	E
45684		45685		45686	F	45687	G	45688	H	45689	I	45690	J	45691	K	45692		45693	L	45694	M	45695	N	45696	O	45697	P
45698	Q	45699	R	45700		45701		45702	S	45703	T	45704	U	45705		45706	V	45707	W	45708	X	45709	Y	45710	Z	45711	a
45712		45713		45714	b	45715	c	45716		45717	d	45718	e	45719	f	45720		45721		45722		45723	g	45724	h	45725	i
45726	j	45727	k	45728		45729		45730	l	45731		45732	m	45733		45734		45735	n	45736	o	45737	p	45738		45739	q
45740		45741	r	45742	s	45743	t	45744		45745	u	45746	v	45747	w	45748		45749	x	45750	y	45751	z	45752		45753	
45754		45755		45756		45757		45758		45759		45760		45761		45762		45763		45764		45765		45766		45767	
45768		45769		45770		45771		45772		45773		45774		45775		45776		45777		45778		45779		45780		45781	
45782		45783		45784		45785		45786		45787		45788		45789		45790		45791		45792		45793		45794		45795	
45796		45797		45798		45799		45800		45801		45802		45803		45804		45805		45806		45807		45808		45809	
45810		45811		45812		45813		45814		45815		45816		45817		45818		45819		45820		45821		45822		45823	
45824		45825		45826		45827		45828		45829		45830		45831		45832		45833		45834		45835		45836		45837	
45838		45839		45840		45841		45842		45843		45844		45845		45846		45847		45848		45849		45850		45851	
45852		45853		45854		45855		45856		45857		45858		45859		45860		45861		45862		45863		45864		45865	
45866		45867		45868		45869		45870		45871		45872		45873		45874		45875		45876		45877		45878		45879	
45880		45881		45882		45883		45884		45885		45886		45887		45888		45889		45890		45891		45892		45893	
45894		45895		45896		45897		45898		45899		45900		45901		45902		45903		45904		45905		45906		45907	
45908		45909		45910		45911		45912		45913		45914		45915		45916		45917		45918		45919		45920		45921	
45922		45923		45924		45925		45926	A	45927		45928	B	45929		45930	C	45931		45932	D	45933	E	45934		45935	F
45936		45937		45938	G	45939	H	45940		45941	I	45942	J	45943	K	45944		45945	L	45946	M	45947	N	45948	O	45949	P
45950	Q	45951	R	45952		45953		45954	S	45955		45956		45957		45958	T	45959	U	45960	V	45961	W	45962	X	45963	Y
45964		45965	Z	45966	a	45967	b	45968		45969	c	45970	d	45971	e	45972		45973	f	45974	g	45975	h	45976	i	45977	j
45978	k	45979	l	45980	m	45981	n	45982	o	45983	p	45984		45985		45986	q	45987	r	45988	s	45989	t	45990	u	45991	v
45992		45993	w	45994	x	45995	y	45996		45997	z	45998		45999		46000		46001		46002		46003		46004		46005	
46006		46007		46008		46009		46010		46011		46012		46013		46014		46015		46016		46017		46018		46019	
46020		46021		46022		46023		46024		46025		46026		46027		46028		46029		46030		46031		46032		46033	
46034		46035		46036		46037		46038		46039		46040		46041		46042		46043		46044		46045		46046		46047	
46048		46049		46050		46051		46052		46053		46054		46055		46056		46057		46058		46059		46060		46061	
46062		46063		46064		46065		46066		46067		46068		46069		46070		46071		46072		46073		46074		46075	
46076		46077		46078		46079		46080		46081		46082		46083		46084		46085		46086		46087		46088		46089	
46090		46091		46092		46093		46094		46095		46096		46097		46098		46099		46100		46101		46102		46103	
46104		46105		46106		46107		46108		46109		46110		46111		46112		46113		46114		46115		46116		46117	
46118		46119		46120		46121		46122		46123		46124		46125		46126		46127		46128		46129		46130		46131	
46132		46133		46134		46135		46136		46137		46138		46139		46140		46141		46142		46143		46144		46145	
46146		46147		46148		46149	A	46150	B	46151	C	46152	D	46153	E	46154	F	46155	G	46156	H	46157	I	46158	J	46159	K
46160		46161		46162	L	46163	M	46164		46165	N	46166	O	46167	P	46168		46169	Q	46170	R	46171	S	46172	T	46173	U
46174	V	46175	W	46176		46177		46178	X	46179		46180	Y	46181		46182	Z	46183	a	46184	b	46185	c	46186	d	46187	e
46188		46189	f	46190	g	46191	h	46192	i	46193	j	46194	k	46195	l	46196	m	46197	n	46198	o	46199	p	46200	q	46201	r
46202	s	46203	t	46204	u	46205	v	46206	w	46207	x	46208		46209	y	46210	z	46211		46212		46213		46214		46215	
46216		46217		46218		46219		46220		46221		46222		46223		46224		46225		46226		46227		46228		46229	
46230		46231		46232		46233		46234		46235		46236		46237		46238		46239		46240		46241		46242		46243	
46244		46245		46246		46247		46248		46249		46250		46251		46252		46253		46254		46255		46256		46257	
46258		46259		46260		46261		46262		46263		46264		46265		46266		46267		46268		46269		46270		46271	
46272		46273		46274		46275		46276		46277		46278		46279		46280		46281		46282		46283		46284		46285	
46286		46287		46288		46289		46290		46291		46292		46293		46294		46295		46296		46297		46298		46299	
46300		46301		46302		46303		46304		46305		46306		46307		46308		46309		46310		46311		46312		46313	
46314		46315		46316		46317		46318		46319		46320		46321		46322		46323		46324		46325		46326		46327	
46328		46329		46330		46331		46332		46333		46334		46335		46336		46337		46338		46339		46340		46341	
46342		46343		46344		46345		46346		46347		46348		46349		46350		46351		46352		46353		46354		46355	
46356		46357		46358		46359		46360		46361		46362		46363		46364		46365		46366	A	46367	B	46368	C	46369	D
46370	E	46371	F	46372		46373		46374	G	46375		46376		46377		46378		46379	H	46380	I	46381	J	46382	K	46383	L
46384		46385		46386	M	46387	N	46388		46389	O	46390	P	46391	Q	46392		46393	R	46394	S	46395	T	46396	U	46397	V
46398	W	46399	X	46400		46401		46402	Y	46403		46404		46405		46406	Z	46407	a	46408	b	46409	c	46410	d	46411	
46412		46413		46414	e	46415	f	46416		46417	g	46418	h	46419	i	46420		46421	j	46422	k	46423	l	46424	m	46425	n
46426	o	46427	p	46428		46429		46430	q	46431		46432		46433		46434	r	46435	s	46436	t	46437	u	46438	v	46439	w
46440	x	46441	y	46442	z	46443		46444		46445		46446		46447		46448		46449		46450		46451		46452		46453	
46454		46455		46456		46457		46458		46459		46460		46461		46462		46463		46464		46465		46466		46467	
46468		46469		46470		46471		46472		46473		46474		46475		46476		46477		46478		46479		46480		46481	
46482		46483		46484		46485		46486		46487		46488		46489		46490		46491		46492		46493		46494		46495	
46496		46497		46498		46499		46500		46501		46502		46503		46504		46505		46506		46507		46508		46509	
46510		46511		46512		46513		46514		46515		46516		46517		46518		46519		46520		46521		46522		46523	
46524		46525		46526		46527		46528		46529		46530		46531		46532		46533		46534		46535		46536		46537	
46538		46539		46540		46541		46542		46543		46544		46545		46546		46547		46548		46549		46550		46551	
46552		46553		46554		46555		46556		46557		46558		46559		46560		46561		46562		46563		46564		46565	
46566		46567		46568		46569		46570		46571		46572		46573		46574		46575		46576		46577		46578		46579	
46580		46581		46582		46583		46584		46585		46586		46587		46588		46589		46590		46591		46592	A	46593	B
46594	C	46595	D	46596	E	46597	F	46598	G	46599	H	46600	I	46601	J	46602	K	46603	L	46604	M	46605	N	46606	O	46607	P
46608		46609		46610	Q	46611	R	46612		46613	S	46614	T	46615	U	46616		46617	V	46618	W	46619	X	46620	Y	46621	Z
46622	a	46623	b	46624	c	46625	d	46626	e	46627	f	46628	g	46629		46630	h	46631	i	46632	j	46633	k	46634	l	46635	m
46636		46637	n	46638	o	46639	p	46640	q	46641	r	46642	s	46643	t	46644		46645	u	46646	v	46647	w	46648	x	46649	y
46650	z	46651		46652		46653		46654		46655		46656		46657		46658		46659		46660		46661		46662		46663	
46664		46665		46666		46667		46668		46669		46670		46671		46672		46673		46674		46675		46676		46677	
46678		46679		46680		46681		46682		46683		46684		46685		46686		46687		46688		46689		46690		46691	
46692		46693		46694		46695		46696		46697		46698		46699		46700		46701		46702		46703		46704		46705	
46706		46707		46708		46709		46710		46711		46712		46713		46714		46715		46716		46717		46718		46719	
46720		46721		46722		46723		46724		46725		46726		46727		46728		46729		46730		46731		46732		46733	
46734		46735		46736		46737		46738		46739		46740		46741		46742		46743		46744		46745		46746		46747	
46748		46749		46750		46751		46752		46753		46754		46755		46756		46757		46758		46759		46760		46761	
46762		46763		46764		46765		46766		46767		46768		46769		46770		46771		46772		46773		46774		46775	
46776		46777		46778		46779		46780		46781		46782		46783		46784		46785		46786		46787	A	46788	B	46789	C
46790	D	46791	E	46792	F	46793	G	46794	H	46795	I	46796	J	46797	K	46798	L	46799	M	46800	N	46801	O	46802	P	46803	Q
46804		46805	R	46806	S	46807	T	46808	U	46809	V	46810	W	46811	X	46812	Y	46813	Z	46814	a	46815	b	46816	c	46817	d
46818	e	46819	f	46820	g	46821	h	46822	i	46823	j	46824	k	46825	l	46826	m	46827	n	46828	o	46829	p	46830	q	46831	r
46832		46833	s	46834	t	46835	u	46836		46837	v	46838	w	46839	x	46840		46841	y	46842	z	46843		46844		46845	
46846		46847		46848		46849		46850		46851		46852		46853		46854		46855		46856		46857		46858		46859	
46860		46861		46862		46863		46864		46865		46866		46867		46868		46869		46870		46871		46872		46873	
46874		46875		46876		46877		46878		46879		46880		46881		46882		46883		46884		46885		46886		46887	
46888		46889		46890		46891		46892		46893		46894		46895		46896		46897		46898		46899		46900		46901	
46902		46903		46904		46905		46906		46907		46908		46909		46910		46911		46912		46913		46914		46915	
46916		46917		46918		46919		46920		46921		46922		46923		46924		46925		46926		46927		46928		46929	
46930		46931		46932		46933		46934		46935		46936		46937		46938		46939		46940		46941		46942		46943	
46944		46945		46946		46947		46948		46949		46950		46951		46952		46953		46954		46955		46956		46957	
46958		46959		46960		46961		46962		46963		46964		46965		46966		46967		46968		46969		46970		46971	
46972		46973		46974		46975		46976		46977		46978		46979		46980		46981		46982		46983		46984		46985	
46986		46987		46988		46989		46990		46991		46992		46993		46994		46995		46996		46997		46998		46999	
47000		47001		47002		47003		47004		47005		47006		47007	A	47008		47009	B	47010	C	47011	D	47012	E	47013	F
47014	G	47015	H	47016		47017		47018	I	47019		47020		47021		47022	J	47023	K	47024	L	47025	M	47026	N	47027	O
47028		47029		47030	P	47031	Q	47032		47033	R	47034	S	47035	T	47036	U	47037	V	47038	W	47039	X	47040	Y	47041	Z
47042	a	47043	b	47044	c	47045	d	47046	e	47047		47048	f	47049		47050	g	47051	h	47052	i	47053	j	47054	k	47055	l
47056	m	47057	n	47058	o	47059	p	47060	q	47061	r	47062	s	47063	t	47064	u	47065	v	47066	w	47067	x	47068	y	47069	z
47070		47071		47072		47073		47074		47075		47076		47077		47078		47079		47080		47081		47082		47083	
47084		47085		47086		47087		47088		47089		47090		47091		47092		47093		47094		47095		47096		47097	
47098		47099		47100		47101		47102		47103		47104		47105		47106		47107		47108		47109		47110		47111	
47112		47113		47114		47115		47116		47117		47118		47119		47120		47121		47122		47123		47124		47125	
47126		47127		47128		47129		47130		47131		47132		47133		47134		47135		47136		47137		47138		47139	
47140		47141		47142		47143		47144		47145		47146		47147		47148		47149		47150		47151		47152		47153	
47154		47155		47156		47157		47158		47159		47160		47161		47162		47163		47164		47165		47166		47167	
47168		47169		47170		47171		47172		47173		47174		47175		47176		47177		47178		47179		47180		47181	
47182		47183		47184		47185		47186		47187		47188		47189		47190		47191		47192		47193		47194		47195	
47196		47197		47198		47199		47200		47201		47202		47203		47204		47205		47206		47207		47208		47209	
47210		47211		47212		47213		47214		47215		47216		47217		47218		47219		47220		47221		47222		47223	
47224		47225		47226		47227		47228		47229		47230		47231		47232		47233		47234		47235		47236		47237	A
47238	B	47239	C	47240	D	47241	E	47242	F	47243	G	47244	H	47245		47246	I	47247	J	47248	K	47249	L	47250	M	47251	N
47252	O	47253	P	47254	Q	47255	R	47256	S	47257	T	47258	U	47259	V	47260	W	47261	X	47262	Y	47263	Z	47264	a	47265	b
47266	c	47267	d	47268	e	47269	f	47270	g	47271	h	47272		47273	i	47274	j	47275	k	47276	l	47277	m	47278	n	47279	o
47280		47281	p	47282	q	47283	r	47284		47285	s	47286	t	47287	u	47288		47289	v	47290	w	47291	x	47292	y	47293	z
47294		47295		47296		47297		47298		47299		47300		47301		47302		47303		47304		47305		47306		47307	
47308		47309		47310		47311		47312		47313		47314		47315		47316		47317		47318		47319		47320		47321	
47322		47323		47324		47325		47326		47327		47328		47329		47330		47331		47332		47333		47334		47335	
47336		47337		47338		47339		47340		47341		47342		47343		47344		47345		47346		47347		47348		47349	
47350		47351		47352		47353		47354		47355		47356		47357		47358		47359		47360		47361		47362		47363	
47364		47365		47366		47367		47368		47369		47370		47371		47372		47373		47374		47375		47376		47377	
47378		47379		47380		47381		47382		47383		47384		47385		47386		47387		47388		47389		47390		47391	
47392		47393		47394		47395		47396		47397		47398		47399		47400		47401		47402		47403		47404		47405	
47406		47407		47408		47409		47410		47411		47412		47413		47414		47415		47416		47417		47418		47419	
47420		47421		47422		47423		47424		47425		47426		47427		47428		47429		47430		47431		47432		47433	
47434		47435		47436		47437		47438		47439		47440		47441		47442		47443		47444		47445		47446		47447	
47448		47449		47450	A	47451	B	47452		47453	C	47454	D	47455	E	47456		47457	F	47458	G	47459	H	47460	I	47461	J
47462	K	47463	L	47464		47465		47466	M	47467		47468	N	47469		47470	O	47471	P	47472	Q	47473	R	47474	S	47475	T
47476		47477		47478	U	47479	V	47480		47481	W	47482	X	47483	Y	47484		47485	Z	47486	a	47487	b	47488	c	47489	d
47490	e	47491	f	47492		47493		47494	g	47495		47496	h	47497		47498		47499	i	47500	j	47501		47502		47503	k
47504	l	47505	m	47506	n	47507	o	47508	p	47509	q	47510	r	47511	s	47512	t	47513	u	47514	v	47515	w	47516	x	47517	y
47518	z	47519		47520		47521		47522		47523		47524		47525		47526		47527		47528		47529		47530		47531	
47532		47533		47534		47535		47536		47537		47538		47539		47540		47541		47542		47543		47544		47545	
47546		47547		47548		47549		47550		47551		47552		47553		47554		47555		47556		47557		47558		47559	
47560		47561		47562		47563		47564		47565		47566		47567		47568		47569		47570		47571		47572		47573	
47574		47575		47576		47577		47578		47579		47580		47581		47582		47583		47584		47585		47586		47587	
47588		47589		47590		47591		47592		47593		47594		47595		47596		47597		47598		47599		47600		47601	
47602		47603		47604		47605		47606		47607		47608		47609		47610		47611		47612		47613		47614		47615	
47616		47617		47618		47619		47620		47621		47622		47623		47624		47625		47626		47627		47628		47629	
47630		47631		47632		47633		47634		47635		47636		47637		47638		47639		47640		47641		47642		47643	
47644		47645		47646		47647		47648		47649		47650		47651		47652		47653		47654		47655		47656		47657	
47658		47659		47660		47661		47662		47663		47664		47665		47666		47667		47668		47669		47670		47671	
47672		47673		47674		47675		47676		47677		47678		47679		47680		47681		47682		47683		47684		47685	
47686		47687	A	47688		47689		47690	B	47691		47692	C	47693		47694		47695	D	47696	E	47697	F	47698	G	47699	
47700		47701		47702	H	47703	I	47704		47705	J	47706	K	47707	L	47708		47709	M	47710	N	47711	O	47712	P	47713	Q
47714	R	47715	S	47716		47717		47718	T	47719		47720		47721		47722	U	47723	V	47724	W	47725	X	47726	Y	47727	Z
47728		47729		47730	a	47731	b	47732		47733	c	47734	d	47735	e	47736		47737	f	47738	g	47739	h	47740	i	47741	j
47742	k	47743	l	47744	m	47745	n	47746	o	47747		47748		47749		47750	p	47751		47752	q	47753	r	47754	s	47755	t
47756		47757	u	47758	v	47759	w	47760	x	47761	y	47762	z	47763		47764		47765		47766		47767		47768		47769	
47770		47771		47772		47773		47774		47775		47776		47777		47778		47779		47780		47781		47782		47783	
47784		47785		47786		47787		47788		47789		47790		47791		47792		47793		47794		47795		47796		47797	
47798		47799		47800		47801		47802		47803		47804		47805		47806		47807		47808		47809		47810		47811	
47812		47813		47814		47815		47816		47817		47818		47819		47820		47821		47822		47823		47824		47825	
47826		47827		47828		47829		47830		47831		47832		47833		47834		47835		47836		47837		47838		47839	
47840		47841		47842		47843		47844		47845		47846		47847		47848		47849		47850		47851		47852		47853	
47854		47855		47856		47857		47858		47859		47860		47861		47862		47863		47864		47865		47866		47867	
47868		47869		47870		47871		47872		47873		47874		47875		47876		47877		47878		47879		47880		47881	
47882		47883		47884		47885		47886		47887		47888		47889		47890		47891		47892		47893		47894		47895	
47896		47897		47898		47899		47900		47901		47902		47903		47904		47905		47906		47907		47908		47909	
47910		47911		47912	A	47913		47914	B	47915		47916	C	47917	D	47918	E	47919	F	47920	G	47921	H	47922	I	47923	J
47924		47925		47926		47927	K	47928		47929	L	47930	M	47931		47932		47933		47934		47935	N	47936	O	47937	P
47938	Q	47939	R	47940		47941		47942	S	47943		47944	T	47945		47946	U	47947	V	47948	W	47949		47950	X	47951	
47952		47953	Y	47954	Z	47955	a	47956		47957	b	47958	c	47959	d	47960		47961	e	47962	f	47963	g	47964	h	47965	i
47966	j	47967	k	47968	l	47969		47970	m	47971		47972	n	47973	o	47974	p	47975	q	47976	r	47977	s	47978	t	47979	u
47980		47981	v	47982	w	47983	x	47984	y	47985	z	47986		47987		47988		47989		47990		47991		47992		47993	
47994		47995		47996		47997		47998		47999		48000		48001		48002		48003		48004		48005		48006		48007	
48008		48009		48010		48011		48012		48013		48014		48015		48016		48017		48018		48019		48020		48021	
48022		48023		48024		48025		48026		48027		48028		48029		48030		48031		48032		48033		48034		48035	
48036		48037		48038		48039		48040		48041		48042		48043		48044		48045		48046		48047		48048		48049	
48050		48051		48052		48053		48054		48055		48056		48057		48058		48059		48060		48061		48062		48063	
48064		48065		48066		48067		48068		48069		48070		48071		48072		48073		48074		48075		48076		48077	
48078		48079		48080		48081		48082		48083		48084		48085		48086		48087		48088		48089		48090		48091	
48092		48093		48094		48095		48096		48097		48098		48099		48100		48101		48102		48103		48104		48105	
48106		48107		48108		48109		48110		48111		48112		48113		48114		48115		48116		48117		48118		48119	
48120		48121		48122		48123		48124		48125		48126		48127		48128		48129		48130		48131	A	48132	B	48133	C
48134	D	48135	E	48136		48137		48138	F	48139		48140		48141		48142	G	48143		48144	H	48145		48146	I	48147	J
48148		48149		48150		48151		48152		48153	K	48154	L	48155		48156		48157		48158		48159		48160	M	48161	N
48162	O	48163	P	48164		48165		48166	Q	48167		48168	R	48169		48170	S	48171	T	48172	U	48173		48174	V	48175	W
48176		48177		48178	X	48179	Y	48180		48181	Z	48182	a	48183	b	48184		48185	c	48186	d	48187	e	48188	f	48189	g
48190	h	48191	i	48192		48193		48194	j	48195		48196		48197		48198	k	48199	l	48200	m	48201		48202	n	48203	o
48204		48205		48206	p	48207	q	48208		48209	r	48210	s	48211	t	48212	u	48213	v	48214	w	48215	x	48216	y	48217	z
48218		48219		48220		48221		48222		48223		48224		48225		48226		48227		48228		48229		48230		48231	
48232		48233		48234		48235		48236		48237		48238		48239		48240		48241		48242		48243		48244		48245	
48246		48247		48248		48249		48250		48251		48252		48253		48254		48255		48256		48257		48258		48259	
48260		48261		48262		48263		48264		48265		48266		48267		48268		48269		48270		48271		48272		48273	
48274		48275		48276		48277		48278		48279		48280		48281		48282		48283		48284		48285		48286		48287	
48288		48289		48290		48291		48292		48293		48294		48295		48296		48297		48298		48299		48300		48301	
48302		48303		48304		48305		48306		48307		48308		48309		48310		48311		48312		48313		48314		48315	
48316		48317		48318		48319		48320		48321		48322		48323		48324		48325		48326		48327		48328		48329	
48330		48331		48332		48333		48334		48335		48336		48337		48338		48339		48340		48341		48342		48343	
48344		48345		48346		48347		48348		48349		48350		48351		48352		48353		48354		48355		48356		48357	
48358		48359		48360		48361		48362		48363		48364		48365		48366		48367		48368		48369		48370		48371	
48372		48373		48374		48375		48376		48377		48378		48379		48380		48381		48382	A	48383	B	48384	C	48385	D
48386	E	48387	F	48388		48389		48390	G	48391		48392	H	48393		48394	I	48395	J	48396	K	48397	L	48398	M	48399	N
48400		48401	O	48402	P	48403	Q	48404		48405	R	48406	S	48407	T	48408	U	48409	V	48410	W	48411	X	48412	Y	48413	Z
48414	a	48415	b	48416	c	48417	d	48418	e	48419	f	48420		48421	g	48422	h	48423	i	48424	j	48425	k	48426	l	48427	m
48428		48429	n	48430	o	48431	p	48432	q	48433	r	48434	s	48435	t	48436	u	48437	v	48438	w	48439	x	48440	y	48441	z
48442		48443		48444		48445		48446		48447		48448		48449		48450		48451		48452		48453		48454		48455	
48456		48457		48458		48459		48460		48461		48462		48463		48464		48465		48466		48467		48468		48469	
48470		48471		48472		48473		48474		48475		48476		48477		48478		48479		48480		48481		48482		48483	
48484		48485		48486		48487		48488		48489		48490		48491		48492		48493		48494		48495		48496		48497	
48498		48499		48500		48501		48502		48503		48504		48505		48506		48507		48508		48509		48510		48511	
48512		48513		48514		48515		48516		48517		48518		48519		48520		48521		48522		48523		48524		48525	
48526		48527		48528		48529		48530		48531		48532		48533		48534		48535		48536		48537		48538		48539	
48540		48541		48542		48543		48544		48545		48546		48547		48548		48549		48550		48551		48552		48553	
48554		48555		48556		48557		48558		48559		48560		48561		48562		48563		48564		48565		48566		48567	
48568		48569		48570		48571		48572		48573		48574		48575		48576		48577		48578		48579		48580		48581	
48582		48583		48584		48585		48586		48587		48588		48589		48590		48591		48592		48593		48594	A	48595	B
48596		48597		48598	C	48599	D	48600		48601	E	48602	F	48603	G	48604		48605	H	48606	I	48607	J	48608	K	48609	L
48610	M	48611	N	48612	O	48613	P	48614	Q	48615	R	48616	S	48617		48618	T	48619	U	48620	V	48621	W	48622	X	48623	Y
48624		48625	Z	48626	a	48627	b	48628		48629	c	48630	d	48631	e	48632		48633	f	48634	g	48635	h	48636	i	48637	j
48638	k	48639	l	48640		48641	m	48642	n	48643		48644	o	48645		48646	p	48647	q	48648	r	48649	s	48650	t	48651	u
48652		48653		48654	v	48655	w	48656		48657	x	48658	y	48659	z	48660		48661		48662		48663		48664		48665	
48666		48667		48668		48669		48670		48671		48672		48673		48674		48675		48676		48677		48678		48679	
48680		48681		48682		48683		48684		48685		48686		48687		48688		48689		48690		48691		48692		48693	
48694		48695		48696		48697		48698		48699		48700		48701		48702		48703		48704		48705		48706		48707	
48708		48709		48710		48711		48712		48713		48714		48715		48716		48717		48718		48719		48720		48721	
48722		48723		48724		48725		48726		48727		48728		48729		48730		48731		48732		48733		48734		48735	
48736		48737		48738		48739		48740		48741		48742		48743		48744		48745		48746		48747		48748		48749	
48750		48751		48752		48753		48754		48755		48756		48757		48758		48759		48760		48761		48762		48763	
48764		48765		48766		48767		48768		48769		48770		48771		48772		48773		48774		48775		48776		48777	
48778		48779		48780		48781		48782		48783		48784		48785		48786		48787		48788		48789		48790		48791	
48792		48793		48794		48795		48796		48797		48798		48799		48800		48801		48802		48803		48804		48805	
48806		48807		48808		48809		48810		48811		48812		48813		48814		48815		48816		48817		48818		48819	
48820		48821		48822		48823		48824	A	48825	B	48826	C	48827	D	48828	E	48829	F	48830	G	48831	H	48832	I	48833	J
48834	K	48835	L	48836	M	48837	N	48838	O	48839	P	48840	Q	48841	R	48842	S	48843	T	48844	U	48845	V	48846	W	48847	X
48848		48849		48850	Y	48851	Z	48852		48853	a	48854	b	48855		48856		48857	c	48858	d	48859	e	48860	f	48861	g
48862	h	48863	i	48864		48865	j	48866	k	48867		48868		48869		48870	l	48871	m	48872	n	48873	o	48874	p	48875	q
48876		48877	r	48878	s	48879	t	48880	u	48881	v	48882	w	48883	x	48884	y	48885	z	48886		48887		48888		48889	
48890		48891		48892		48893		48894		48895		48896		48897		48898		48899		48900		48901		48902		48903	
48904		48905		48906		48907		48908		48909		48910		48911		48912		48913		48914		48915		48916		48917	
48918		48919		48920		48921		48922		48923		48924		48925		48926		48927		48928		48929		48930		48931	
48932		48933		48934		48935		48936		48937		48938		48939		48940		48941		48942		48943		48944		48945	
48946		48947		48948		48949		48950		48951		48952		48953		48954		48955		48956		48957		48958		48959	
48960		48961		48962		48963		48964		48965		48966		48967		48968		48969		48970		48971		48972		48973	
48974		48975		48976		48977		48978		48979		48980		48981		48982		48983		48984		48985		48986		48987	
48988		48989		48990		48991		48992		48993		48994		48995		48996		48997		48998		48999		49000		49001	
49002		49003		49004		49005		49006		49007		49008		49009		49010		49011		49012		49013		49014		49015	
49016		49017		49018		49019		49020		49021		49022		49023		49024		49025		49026		49027	A	49028	B	49029	C
49030	D	49031	E	49032	F	49033	G	49034	H	49035	I	49036	J	49037	K	49038	L	49039	M	49040	N	49041	O	49042	P	49043	Q
49044		49045	R	49046	S	49047	T	49048	U	49049	V	49050	W	49051	X	49052	Y	49053	Z	49054	a	49055	b	49056	c	49057	d
49058	e	49059	f	49060	g	49061	h	49062	i	49063	j	49064	k	49065	l	49066	m	49067	n	49068	o	49069	p	49070	q	49071	r
49072		49073	s	49074	t	49075	u	49076	v	49077	w	49078	x	49079	y	49080	z	49081		49082		49083		49084		49085	
49086		49087		49088		49089		49090		49091		49092		49093		49094		49095		49096		49097		49098		49099	
49100		49101		49102		49103		49104		49105		49106		49107		49108		49109		49110		49111		49112		49113	
49114		49115		49116		49117		49118		49119		49120		49121		49122		49123		49124		49125		49126		49127	
49128		49129		49130		49131		49132		49133		49134		49135		49136		49137		49138		49139		49140		49141	
49142		49143		49144		49145		49146		49147		49148		49149		49150		49151		49152		49153		49154		49155	
49156		49157		49158		49159		49160		49161		49162		49163		49164		49165		49166		49167		49168		49169	
49170		49171		49172		49173		49174		49175		49176		49177		49178		49179		49180		49181		49182		49183	
49184		49185		49186		49187		49188		49189		49190		49191		49192		49193		49194		49195		49196		49197	
49198		49199		49200		49201		49202		49203		49204		49205		49206		49207		49208		49209		49210		49211	
49212		49213		49214		49215		49216	A	49217	B	49218	C	49219	D	49220	E	49221	F	49222	G	49223	H	49224	I	49225	J
49226	K	49227	L	49228	M	49229	N	49230	O	49231	P	49232	Q	49233		49234	R	49235	S	49236	T	49237	U	49238	V	49239	W
49240		49241	X	49242	Y	49243	Z	49244		49245	a	49246	b	49247	c	49248		49249	d	49250	e	49251	f	49252	g	49253	h
49254	i	49255	j	49256		49257		49258	k	49259	l	49260	m	49261	n	49262	o	49263	p	49264	q	49265	r	49266	s	49267	t
49268	u	49269	v	49270	w	49271	x	49272	y	49273	z	49274		49275		49276		49277		49278		49279		49280		49281	
49282		49283		49284		49285		49286		49287		49288		49289		49290		49291		49292		49293		49294		49295	
49296		49297		49298		49299		49300		49301		49302		49303		49304		49305		49306		49307		49308		49309	
49310		49311		49312		49313		49314		49315		49316		49317		49318		49319		49320		49321		49322		49323	
49324		49325		49326		49327		49328		49329		49330		49331		49332		49333		49334		49335		49336		49337	
49338		49339		49340		49341		49342		49343		49344		49345		49346		49347		49348		49349		49350		49351	
49352		49353		49354		49355		49356		49357		49358		49359		49360		49361		49362		49363		49364		49365	
49366		49367		49368		49369		49370		49371		49372		49373		49374		49375		49376		49377		49378		49379	
49380		49381		49382		49383		49384		49385		49386		49387		49388		49389		49390		49391		49392		49393	
49394		49395		49396		49397		49398		49399		49400		49401		49402		49403		49404		49405		49406		49407	
49408		49409		49410		49411		49412		49413		49414		49415		49416		49417		49418		49419		49420		49421	
49422		49423		49424		49425		49426		49427		49428		49429		49430		49431		49432		49433		49434		49435	
49436		49437		49438		49439		49440		49441		49442		49443		49444		49445		49446		49447		49448		49449	
49450		49451		49452		49453		49454		49455		49456		49457		49458	A	49459	B	49460	C	49461	D	49462		49463	E
49464		49465		49466	F	49467	G	49468		49469	H	49470	I	49471	J	49472		49473	K	49474	L	49475	M	49476	N	49477	O
49478	P	49479	Q	49480		49481		49482	R	49483		49484		49485		49486	S	49487	T	49488	U	49489	V	49490	W	49491	X
49492		49493		49494	Y	49495	Z	49496		49497	a	49498	b	49499	c	49500		49501	d	49502	e	49503	f	49504	g	49505	h
49506	i	49507	j	49508		49509		49510	k	49511		49512		49513		49514	l	49515	m	49516	n	49517	o	49518	p	49519	q
49520		49521	r	49522	s	49523	t	49524		49525	u	49526	v	49527	w	49528		49529	x	49530	y	49531	z	49532		49533	
49534		49535		49536		49537		49538		49539		49540		49541		49542		49543		49544		49545		49546		49547	
49548		49549		49550		49551		49552		49553		49554		49555		49556		49557		49558		49559		49560		49561	
49562		49563		49564		49565		49566		49567		49568		49569		49570		49571		49572		49573		49574		49575	
49576		49577		49578		49579		49580		49581		49582		49583		49584		49585		49586		49587		49588		49589	
49590		49591		49592		49593		49594		49595		49596		49597		49598		49599		49600		49601		49602		49603	
49604		49605		49606		49607		49608		49609		49610		49611		49612		49613		49614		49615		49616		49617	
49618		49619		49620		49621		49622		49623		49624		49625		49626		49627		49628		49629		49630		49631	
49632		49633		49634		49635		49636		49637		49638		49639		49640		49641		49642		49643		49644		49645	
49646		49647		49648		49649		49650		49651		49652		49653		49654		49655		49656		49657		49658		49659	
49660		49661		49662		49663		49664		49665		49666		49667		49668		49669		49670		49671		49672		49673	
49674		49675		49676		49677		49678		49679		49680		49681		49682		49683		49684		49685		49686		49687	
49688		49689		49690		49691		49692		49693		49694		49695		49696		49697		49698		49699		49700	A	49701	B
49702	C	49703	D	49704		49705		49706	E	49707		49708	F	49709		49710	G	49711		49712	H	49713		49714		49715	I
49716		49717	J	49718	K	49719	L	49720	M	49721	N	49722	O	49723	P	49724	Q	49725	R	49726	S	49727	T	49728	U	49729	V
49730	W	49731	X	49732	Y	49733	Z	49734	a	49735	b	49736		49737	c	49738	d	49739	e	49740	f	49741	g	49742	h	49743	i
49744		49745		49746	j	49747	k	49748		49749	l	49750	m	49751	n	49752		49753	o	49754	p	49755	q	49756	r	49757	s
49758	t	49759	u	49760		49761	v	49762	w	49763	x	49764	y	49765		49766	z	49767		49768		49769		49770		49771	
49772		49773		49774		49775		49776		49777		49778		49779		49780		49781		49782		49783		49784		49785	
49786		49787		49788		49789		49790		49791		49792		49793		49794		49795		49796		49797		49798		49799	
49800		49801		49802		49803		49804		49805		49806		49807		49808		49809		49810		49811		49812		49813	
49814		49815		49816		49817		49818		49819		49820		49821		49822		49823		49824		49825		49826		49827	
49828		49829		49830		49831		49832		49833		49834		49835		49836		49837		49838		49839		49840		49841	
49842		49843		49844		49845		49846		49847		49848		49849		49850		49851		49852		49853		49854		49855	
49856		49857		49858		49859		49860		49861		49862		49863		49864		49865		49866		49867		49868		49869	
49870		49871		49872		49873		49874		49875		49876		49877		49878		49879		49880		49881		49882		49883	
49884		49885		49886		49887		49888		49889		49890		49891		49892		49893		49894		49895		49896		49897	
49898		49899		49900		49901		49902		49903		49904		49905		49906		49907		49908		49909		49910		49911	
49912		49913		49914		49915		49916		49917		49918		49919		49920		49921		49922		49923		49924		49925	
49926		49927		49928		49929		49930		49931		49932		49933		49934		49935		49936	A	49937	B	49938	C	49939	
49940		49941		49942	D	49943	E	49944		49945	F	49946	G	49947	H	49948		49949	I	49950	J	49951	K	49952	L	49953	M
49954	N	49955	O	49956		49957		49958	P	49959	Q	49960		49961		49962	R	49963	S	49964	T	49965	U	49966	V	49967	W
49968	X	49969	Y	49970	Z	49971	a	49972	b	49973	c	49974	d	49975	e	49976	f	49977	g	49978	h	49979	i	49980	j	49981	k
49982	l	49983	m	49984	n	49985	o	49986	p	49987	q	49988	r	49989		49990	s	49991	t	49992	u	49993	v	49994	w	49995	x
49996	y	49997	z	49998		49999		50000		50001		50002		50003		50004		50005		50006		50007		50008		50009	
50010		50011		50012		50013		50014		50015		50016		50017		50018		50019		50020		50021		50022		50023	
50024		50025		50026		50027		50028		50029		50030		50031		50032		50033		50034		50035		50036		50037	
50038		50039		50040		50041		50042		50043		50044		50045		50046		50047		50048		50049		50050		50051	
50052		50053		50054		50055		50056		50057		50058		50059		50060		50061		50062		50063		50064		50065	
50066		50067		50068		50069		50070		50071		50072		50073		50074		50075		50076		50077		50078		50079	
50080		50081		50082		50083		50084		50085		50086		50087		50088		50089		50090		50091		50092		50093	
50094		50095		50096		50097		50098		50099		50100		50101		50102		50103		50104		50105		50106		50107	
50108		50109		50110		50111		50112		50113		50114		50115		50116		50117		50118		50119		50120		50121	
50122		50123		50124		50125		50126		50127		50128		50129		50130		50131		50132		50133		50134		50135	
50136		50137		50138		50139	A	50140		50141	B	50142	C	50143		50144		50145	D	50146		50147	E	50148	F	50149	G
50150	H	50151	I	50152		50153		50154	J	50155	K	50156	L	50157		50158	M	50159	N	50160	O	50161	P	50162	Q	50163	R
50164		50165		50166	S	50167	T	50168		50169	U	50170	V	50171	W	50172	X	50173	Y	50174	Z	50175	a	50176	b	50177	c
50178	d	50179	e	50180	f	50181	g	50182	h	50183	i	50184		50185	j	50186	k	50187	l	50188	m	50189	n	50190	o	50191	p
50192		50193	q	50194	r	50195	s	50196	t	50197	u	50198	v	50199	w	50200	x	50201	y	50202	z	50203		50204		50205	
50206		50207		50208		50209		50210		50211		50212		50213		50214		50215		50216		50217		50218		50219	
50220		50221		50222		50223		50224		50225		50226		50227		50228		50229		50230		50231		50232		50233	
50234		50235		50236		50237		50238		50239		50240		50241		50242		50243		50244		50245		50246		50247	
50248		50249		50250		50251		50252		50253		50254		50255		50256		50257		50258		50259		50260		50261	
50262		50263		50264		50265		50266		50267		50268		50269		50270		50271		50272		50273		50274		50275	
50276		50277		50278		50279		50280		50281		50282		50283		50284		50285		50286		50287		50288		50289	
50290		50291		50292		50293		50294		50295		50296		50297		50298		50299		50300		50301		50302		50303	
50304		50305		50306		50307		50308		50309		50310		50311		50312		50313		50314		50315		50316		50317	
50318		50319		50320		50321		50322		50323		50324		50325		50326		50327		50328		50329		50330		50331	
50332		50333		50334		50335		50336		50337		50338		50339		50340		50341		50342		50343		50344		50345	
50346	A	50347	B	50348	C	50349	D	50350	E	50351	F	50352	G	50353	H	50354	I	50355	J	50356	K	50357	L	50358	M	50359	N
50360		50361	O	50362	P	50363	Q	50364		50365	R	50366	S	50367	T	50368	U	50369	V	50370	W	50371	X	50372	Y	50373	Z
50374	a	50375	b	50376	c	50377	d	50378	e	50379	f	50380	g	50381	h	50382	i	50383	j	50384	k	50385	l	50386	m	50387	n
50388	o	50389	p	50390	q	50391	r	50392	s	50393	t	50394	u	50395	v	50396	w	50397	x	50398	y	50399	z	50400		50401	
50402		50403		50404		50405		50406		50407		50408		50409		50410		50411		50412		50413		50414		50415	
50416		50417		50418		50419		50420		50421		50422		50423		50424		50425		50426		50427		50428		50429	
50430		50431		50432		50433		50434		50435		50436		50437		50438		50439		50440		50441		50442		50443	
50444		50445		50446		50447		50448		50449		50450		50451		50452		50453		50454		50455		50456		50457	
50458		50459		50460		50461		50462		50463		50464		50465		50466		50467		50468		50469		50470		50471	
50472		50473		50474		50475		50476		50477		50478		50479		50480		50481		50482		50483		50484		50485	
50486		50487		50488		50489		50490		50491		50492		50493		50494		50495		50496		50497		50498		50499	
50500		50501		50502		50503		50504		50505		50506		50507		50508		50509		50510		50511		50512		50513	
50514		50515		50516		50517		50518		50519		50520		50521		50522		50523		50524		50525		50526		50527	
50528		50529		50530		50531		50532		50533		50534		50535		50536		50537		50538		50539		50540		50541	
50542		50543		50544		50545		50546		50547		50548		50549		50550		50551		50552		50553		50554		50555	
50556		50557		50558		50559		50560		50561		50562		50563		50564		50565		50566		50567		50568		50569	
50570		50571		50572		50573		50574		50575		50576		50577		50578		50579		50580		50581		50582	A	50583	
50584		50585	B	50586	C	50587	D	50588		50589	E	50590	F	50591	G	50592		50593	H	50594	I	50595	J	50596	K	50597	L
50598	M	50599	N	50600	O	50601		50602	P	50603	Q	50604	R	50605	S	50606	T	50607	U	50608	V	50609	W	50610	X	50611	Y
50612		50613		50614	Z	50615	a	50616		50617		50618	b	50619		50620		50621		50622		50623	c	50624	d	50625	e
50626	f	50627	g	50628		50629		50630		50631		50632		50633		50634		50635	h	50636		50637	i	50638		50639	j
50640		50641		50642	k	50643	l	50644		50645	m	50646	n	50647	o	50648		50649	p	50650	q	50651	r	50652	s	50653	t
50654	u	50655	v	50656		50657		50658	w	50659		50660	x	50661		50662	y	50663	z	50664		50665		50666		50667	
50668		50669		50670		50671		50672		50673		50674		50675		50676		50677		50678		50679		50680		50681	
50682		50683		50684		50685		50686		50687		50688		50689		50690		50691		50692		50693		50694		50695	
50696		50697		50698		50699		50700		50701		50702		50703		50704		50705		50706		50707		50708		50709	
50710		50711		50712		50713		50714		50715		50716		50717		50718		50719		50720		50721		50722		50723	
50724		50725		50726		50727		50728		50729		50730		50731		50732		50733		50734		50735		50736		50737	
50738		50739		50740		50741		50742		50743		50744		50745		50746		50747		50748		50749		50750		50751	
50752		50753		50754		50755		50756		50757		50758		50759		50760		50761		50762		50763		50764		50765	
50766		50767		50768		50769		50770		50771		50772		50773		50774		50775		50776		50777		50778		50779	
50780		50781		50782		50783		50784		50785		50786		50787		50788		50789		50790		50791		50792		50793	
50794		50795		50796		50797		50798		50799		50800		50801		50802		50803		50804		50805		50806		50807	
50808		50809		50810		50811		50812		50813		50814		50815		50816		50817		50818		50819		50820		50821	
50822		50823		50824		50825		50826		50827		50828		50829		50830		50831		50832		50833		50834		50835	
50836		50837		50838		50839		50840		50841		50842		50843		50844		50845		50846		50847		50848		50849	
50850		50851		50852		50853		50854		50855		50856	A	50857		50858	B	50859	C	50860	D	50861	E	50862	F	50863	G
50864		50865		50866	H	50867	I	50868		50869	J	50870	K	50871	L	50872		50873		50874		50875	M	50876	N	50877	O
50878	P	50879	Q	50880		50881		50882	R	50883		50884	S	50885		50886	T	50887	U	50888	V	50889	W	50890	X	50891	Y
50892		50893		50894	Z	50895	a	50896		50897	b	50898	c	50899	d	50900		50901	e	50902	f	50903	g	50904	h	50905	i
50906	j	50907	k	50908		50909		50910	l	50911	m	50912		50913		50914	n	50915	o	50916	p	50917	q	50918	r	50919	s
50920		50921		50922	t	50923	u	50924		50925	v	50926	w	50927	x	50928		50929	y	50930	z	50931		50932		50933	
50934		50935		50936		50937		50938		50939		50940		50941		50942		50943		50944		50945		50946		50947	
50948		50949		50950		50951		50952		50953		50954		50955		50956		50957		50958		50959		50960		50961	
50962		50963		50964		50965		50966		50967		50968		50969		50970		50971		50972		50973		50974		50975	
50976		50977		50978		50979		50980		50981		50982		50983		50984		50985		50986		50987		50988		50989	
50990		50991		50992		50993		50994		50995		50996		50997		50998		50999		51000		51001		51002		51003	
51004		51005		51006		51007		51008		51009		51010		51011		51012		51013		51014		51015		51016		51017	
51018		51019		51020		51021		51022		51023		51024		51025		51026		51027		51028		51029		51030		51031	
51032		51033		51034		51035		51036		51037		51038		51039		51040		51041		51042		51043		51044		51045	
51046		51047		51048		51049		51050		51051		51052		51053		51054		51055		51056		51057		51058		51059	
51060		51061		51062		51063		51064		51065		51066		51067		51068		51069		51070		51071		51072		51073	
51074		51075		51076		51077		51078		51079		51080		51081		51082		51083		51084		51085		51086		51087	
51088		51089		51090		51091		51092		51093		51094		51095		51096		51097		51098		51099		51100		51101	
51102		51103		51104		51105		51106		51107		51108		51109		51110		51111		51112		51113		51114		51115	
51116		51117		51118		51119		51120		51121		51122		51123		51124		51125		51126		51127		51128	A	51129	B
51130	C	51131	D	51132		51133		51134	E	51135		51136		51137		51138	F	51139	G	51140	H	51141	I	51142	J	51143	K
51144		51145		51146	L	51147	M	51148		51149	N	51150		51151	O	51152		51153	P	51154	Q	51155	R	51156	S	51157	T
51158	U	51159	V	51160		51161	W	51162	X	51163	Y	51164	Z	51165		51166	a	51167	b	51168	c	51169	d	51170	e	51171	f
51172		51173	g	51174	h	51175	i	51176		51177	j	51178	k	51179	l	51180		51181	m	51182	n	51183	o	51184	p	51185	q
51186	r	51187	s	51188	t	51189	u	51190	v	51191	w	51192	x	51193	y	51194	z	51195		51196		51197		51198		51199	
51200		51201		51202		51203		51204		51205		51206		51207		51208		51209		51210		51211		51212		51213	
51214		51215		51216		51217		51218		51219		51220		51221		51222		51223		51224		51225		51226		51227	
51228		51229		51230		51231		51232		51233		51234		51235		51236		51237		51238		51239		51240		51241	
51242		51243		51244		51245		51246		51247		51248		51249		51250		51251		51252		51253		51254		51255	
51256		51257		51258		51259		51260		51261		51262		51263		51264		51265		51266		51267		51268		51269	
51270		51271		51272		51273		51274		51275		51276		51277		51278		51279		51280		51281		51282		51283	
51284		51285		51286		51287		51288		51289		51290		51291		51292		51293		51294		51295		51296		51297	
51298		51299		51300		51301		51302		51303		51304		51305		51306		51307		51308		51309		51310		51311	
51312		51313		51314		51315		51316		51317		51318		51319		51320		51321		51322		51323		51324		51325	
51326		51327		51328		51329		51330		51331		51332		51333		51334		51335		51336		51337		51338		51339	
51340		51341		51342		51343		51344		51345		51346		51347		51348		51349		51350		51351		51352		51353	
51354		51355		51356		51357		51358		51359		51360		51361		51362		51363		51364		51365	A	51366	B	51367	C
51368		51369	D	51370	E	51371	F	51372	G	51373	H	51374	I	51375	J	51376	K	51377	L	51378	M	51379	N	51380	O	51381	P
51382	Q	51383	R	51384	S	51385	T	51386	U	51387	V	51388		51389		51390	W	51391	X	51392	Y	51393	Z	51394	a	51395	b
51396		51397	c	51398	d	51399	e	51400		51401	f	51402	g	51403	h	51404		51405	i	51406	j	51407	k	51408	l	51409	m
51410	n	51411	o	51412		51413		51414	p	51415		51416	q	51417		51418	r	51419	s	51420	t	51421	u	51422	v	51423	w
51424		51425		51426	x	51427	y	51428		51429	z	51430		51431		51432		51433		51434		51435		51436		51437	
51438		51439		51440		51441		51442		51443		51444		51445		51446		51447		51448		51449		51450		51451	
51452		51453		51454		51455		51456		51457		51458		51459		51460		51461		51462		51463		51464		51465	
51466		51467		51468		51469		51470		51471		51472	A	51473		51474	B	51475	C	51476	D	51477	E	51478	F	51479	G
51480		51481	H	51482	I	51483	J	51484	K	51485	L	51486	M	51487	N	51488	O	51489	P	51490	Q	51491	R	51492	S	51493	T
51494	U	51495	V	51496	W	51497	X	51498	Y	51499	Z	51500		51501	a	51502	b	51503	c	51504	d	51505	e	51506	f	51507	g
51508		51509	h	51510	i	51511	j	51512	k	51513	l	51514	m	51515	n	51516	o	51517	p	51518	q	51519	r	51520	s	51521	t
51522	u	51523	v	51524	w	51525	x	51526	y	51527	z	51528		51529		51530		51531		51532		51533		51534		51535	
51536		51537		51538		51539		51540		51541		51542		51543		51544		51545		51546		51547		51548		51549	
51550		51551		51552		51553		51554		51555		51556		51557		51558		51559		51560		51561		51562		51563	
51564		51565		51566		51567		51568		51569	A	51570	B	51571	C	51572		51573	D	51574	E	51575	F	51576	G	51577	H
51578	I	51579	J	51580		51581	K	51582	L	51583	M	51584	N	51585	O	51586	P	51587	Q	51588	R	51589	S	51590	T	51591	U
51592		51593		51594	V	51595	W	51596		51597	X	51598	Y	51599	Z	51600		51601	a	51602	b	51603	c	51604	d	51605	e
51606	f	51607	g	51608		51609		51610	h	51611		51612	i	51613		51614	j	51615	k	51616	l	51617	m	51618	n	51619	o
51620	p	51621	q	51622	r	51623	s	51624	t	51625	u	51626	v	51627	w	51628	x	51629	y	51630	z	51631		51632		51633	
51634		51635		51636		51637		51638		51639		51640		51641		51642		51643		51644		51645		51646		51647	
51648		51649		51650		51651		51652		51653		51654		51655		51656		51657		51658		51659		51660		51661	
51662		51663		51664		51665		51666		51667		51668		51669	¡	51670	¢	51671		51672		51673	£	51674	¤	51675	
51676	¥	51677	¦	51678	A	51679	B	51680	§	51681	C	51682	¨	51683	D	51684	©	51685	E	51686	F	51687	ª	51688	G	51689	H
51690	I	51691	J	51692	«	51693	¬	51694	K	51695	­	51696	®	51697	¯	51698	L	51699	M	51700	N	51701	O	51702	P	51703	Q
51704	°	51705	±	51706	R	51707	S	51708	²	51709	T	51710	U	51711	V	51712	³	51713	W	51714	X	51715	Y	51716	Z	51717	a
51718	b	51719	c	51720	´	51721	µ	51722	d	51723	¶	51724	·	51725	¸	51726	e	51727	f	51728	g	51729	h	51730	i	51731	j
51732	¹	51733	k	51734	l	51735	m	51736	º	51737	n	51738	o	51739	p	51740	q	51741	r	51742	s	51743	t	51744	u	51745	v
51746	w	51747	x	51748	y	51749	z	51750		51751		51752		51753	»	51754		51755		51756		51757		51758		51759	
51760		51761		51762		51763		51764		51765		51766		51767		51768		51769		51770		51771		51772		51773	
51774		51775		51776		51777		51778		51779		51780		51781		51782		51783	A	51784	B	51785	C	51786	D	51787	E
51788	¼	51789	½	51790	F	51791	G	51792	¾	51793	H	51794	I	51795	J	51796	¿	51797	K	51798	L	51799	M	51800	N	51801	O
51802	P	51803	Q	51804		51805		51806	R	51807		51808		51809		51810	S	51811	T	51812	U	51813	V	51814	W	51815	X
51816		51817	Y	51818	Z	51819	a	51820	b	51821	c	51822	d	51823	e	51824	f	51825	g	51826	h	51827	i	51828	j	51829	k
51830	l	51831	m	51832	n	51833	o	51834	p	51835	q	51836	r	51837		51838	s	51839	t	51840	u	51841	v	51842	w	51843	x
51844		51845	y	51846	z	51847		51848		51849		51850		51851		51852		51853		51854		51855		51856		51857	
51858		51859		51860		51861		51862		51863		51864		51865		51866		51867		51868		51869		51870		51871	
51872		51873		51874		51875		51876		51877		51878		51879		51880	A	51881	B	51882	C	51883	D	51884	E	51885	F
51886	G	51887	H	51888	I	51889	J	51890	K	51891	L	51892	M	51893	N	51894	O	51895	P	51896	Q	51897	R	51898	S	51899	T
51900		51901		51902	U	51903	V	51904		51905	W	51906	X	51907	Y	51908		51909	Z	51910	a	51911	b	51912	c	51913	d
51914	e	51915	f	51916		51917		51918	g	51919		51920	h	51921		51922	i	51923		51924	j	51925	k	51926	l	51927	m
51928		51929		51930	n	51931	o	51932	p	51933	q	51934	r	51935	s	51936		51937	t	51938	u	51939	v	51940	w	51941	x
51942	y	51943	z	51944		51945		51946		51947		51948		51949		51950		51951		51952		51953		51954		51955	
51956		51957		51958		51959		51960		51961		51962		51963		51964		51965		51966		51967		51968		51969	
51970		51971		51972		51973		51974		51975		51976		51977		51978		51979	A	51980	B	51981	C	51982	D	51983	E
51984		51985	F	51986	G	51987	H	51988		51989	I	51990	J	51991	K	51992		51993	L	51994	M	51995	N	51996	O	51997	P
51998	Q	51999	R	52000		52001		52002	S	52003	T	52004	U	52005	V	52006	W	52007	X	52008	Y	52009	Z	52010	a	52011	b
52012	c	52013	d	52014	e	52015	f	52016	g	52017	h	52018	i	52019	j	52020	k	52021	l	52022	m	52023	n	52024	o	52025	p
52026	q	52027	r	52028	s	52029	t	52030	u	52031	v	52032	w	52033		52034	x	52035	y	52036	z	52037		52038		52039	
52040		52041		52042		52043		52044		52045		52046		52047		52048		52049		52050		52051		52052		52053	
52054		52055		52056		52057		52058		52059		52060		52061		52062		52063		52064		52065		52066		52067	
52068		52069		52070		52071		52072		52073		52074		52075		52076		52077	A	52078	B	52079	C	52080	D	52081	E
52082	F	52083	G	52084	H	52085	I	52086	J	52087	K	52088		52089		52090	L	52091	M	52092	N	52093	O	52094	P	52095	Q
52096	R	52097	S	52098	T	52099	U	52100	V	52101	W	52102	X	52103	Y	52104	Z	52105	a	52106	b	52107	c	52108	d	52109	e
52110	f	52111	g	52112	h	52113	i	52114	j	52115	k	52116	l	52117	m	52118	n	52119	o	52120	p	52121	q	52122	r	52123	s
52124		52125	t	52126	u	52127	v	52128	w	52129	x	52130	y	52131	z	52132		52133		52134		52135		52136		52137	
52138		52139		52140		52141		52142		52143		52144		52145		52146		52147		52148		52149		52150		52151	
52152		52153		52154		52155		52156		52157		52158		52159		52160		52161		52162		52163		52164		52165	A
52166	B	52167	C	52168	D	52169	E	52170	F	52171	G	52172	H	52173	I	52174	J	52175	K	52176	L	52177	M	52178	N	52179	O
52180		52181	P	52182	Q	52183	R	52184	S	52185	T	52186	U	52187	V	52188	W	52189	X	52190	Y	52191	Z	52192	a	52193	b
52194	c	52195	d	52196		52197	e	52198	f	52199		52200	g	52201		52202	h	52203	i	52204	j	52205	k	52206	l	52207	m
52208	n	52209	o	52210	p	52211	q	52212	r	52213	s	52214	t	52215	u	52216	v	52217	w	52218	x	52219	y	52220	z	52221	
52222		52223		52224		52225		52226		52227		52228		52229		52230		52231		52232		52233		52234		52235	
52236		52237		52238		52239		52240		52241		52242		52243		52244		52245		52246		52247		52248		52249	
52250		52251		52252		52253		52254		52255		52256		52257		52258		52259		52260		52261	A	52262	B	52263	
52264		52265		52266	C	52267	D	52268		52269	E	52270		52271	F	52272		52273	G	52274	H	52275	I	52276	J	52277	K
52278	L	52279	M	52280		52281		52282	N	52283		52284	á	52285	â	52286	ã	52287	O	52288	P	52289	Q	52290	R	52291	S
52292	ä	52293	å	52294	T	52295	U	52296	æ	52297	V	52298	W	52299	X	52300	ç	52301	Y	52302	Z	52303	a	52304	b	52305	c
52306	d	52307	e	52308	è	52309	é	52310	f	52311	ê	52312	ë	52313	ì	52314	g	52315	h	52316	i	52317	j	52318	k	52319	l
52320	í	52321	m	52322	n	52323	o	52324	î	52325	p	52326	ï	52327	q	52328	ð	52329	r	52330	s	52331	t	52332	u	52333	v
52334	w	52335	x	52336	ñ	52337	y	52338	z	52339		52340		52341	ò	52342		52343		52344		52345		52346		52347	
52348		52349		52350		52351		52352		52353		52354		52355		52356		52357		52358		52359		52360		52361	
52362		52363		52364		52365		52366		52367		52368		52369		52370		52371		52372	A	52373	B	52374	C	52375	D
52376	ó	52377	ô	52378	E	52379	F	52380	õ	52381	G	52382	H	52383	I	52384	ö	52385	J	52386	K	52387	L	52388	M	52389	N
52390	O	52391	P	52392	÷	52393	ø	52394	Q	52395	ù	52396	ú	52397	û	52398	R	52399	S	52400	T	52401	U	52402	V	52403	W
52404	ü	52405	ý	52406	X	52407	Y	52408	þ	52409	Z	52410	a	52411	b	52412	ÿ	52413	c	52414	d	52415	e	52416	f	52417	g
52418	h	52419	i	52420		52421		52422	j	52423		52424	k	52425		52426	l	52427	m	52428	n	52429	o	52430	p	52431	q
52432		52433	r	52434	s	52435	t	52436		52437	u	52438	v	52439	w	52440	x	52441	y	52442	z	52443		52444		52445	
52446		52447		52448		52449		52450		52451		52452		52453		52454		52455		52456		52457		52458		52459	
52460		52461		52462		52463		52464		52465		52466		52467		52468		52469		52470		52471		52472		52473	
52474		52475		52476		52477		52478	A	52479	B	52480	C	52481		52482	D	52483	E	52484	F	52485	G	52486	H	52487	I
52488		52489		52490	J	52491	K	52492		52493	L	52494	M	52495	N	52496		52497	O	52498	P	52499	Q	52500	R	52501	S
52502	T	52503	U	52504		52505		52506	V	52507		52508	W	52509		52510	X	52511	Y	52512	Z	52513	a	52514	b	52515	c
52516		52517	d	52518	e	52519	f	52520		52521	g	52522	h	52523	i	52524		52525	j	52526	k	52527	l	52528	m	52529	n
52530	o	52531	p	52532	q	52533	r	52534	s	52535	t	52536	u	52537		52538	v	52539	w	52540	x	52541	y	52542	z	52543	
52544		52545		52546		52547		52548		52549		52550		52551		52552		52553		52554		52555		52556		52557	
52558		52559		52560		52561		52562		52563		52564		52565		52566		52567		52568		52569		52570		52571	
52572		52573		52574		52575		52576		52577	A	52578	B	52579	C	52580		52581	D	52582	E	52583	F	52584	G	52585	H
52586	I	52587	J	52588		52589		52590	K	52591		52592	L	52593		52594	M	52595	N	52596	O	52597	P	52598	Q	52599	R
52600		52601	S	52602	T	52603	U	52604	V	52605	W	52606	X	52607	Y	52608	Z	52609	a	52610	b	52611	c	52612	d	52613	e
52614	f	52615	g	52616		52617	h	52618	i	52619	j	52620	k	52621	l	52622	m	52623	n	52624	o	52625	p	52626	q	52627	r
52628		52629		52630	s	52631	t	52632		52633	u	52634	v	52635	w	52636		52637	x	52638	y	52639	z	52640		52641	
52642		52643		52644		52645		52646		52647		52648		52649		52650		52651		52652		52653		52654		52655	
52656		52657		52658		52659		52660		52661		52662		52663		52664		52665		52666		52667		52668		52669	
52670		52671		52672		52673		52674		52675		52676		52677		52678	A	52679	B	52680	C	52681	D	52682	E	52683	F
52684		52685	G	52686	H	52687	I	52688		52689	J	52690	K	52691	L	52692	M	52693	N	52694	O	52695	P	52696	Q	52697	R
52698	S	52699	T	52700	U	52701	V	52702	W	52703	X	52704	Y	52705	Z	52706	a	52707	b	52708	c	52709	d	52710	e	52711	f
52712		52713	g	52714	h	52715	i	52716		52717	j	52718	k	52719	l	52720		52721	m	52722	n	52723	o	52724	p	52725	q
52726	r	52727	s	52728		52729		52730	t	52731		52732	u	52733		52734	v	52735	w	52736	x	52737	y	52738	z	52739	
52740		52741		52742		52743		52744		52745		52746		52747		52748		52749		52750		52751		52752		52753	
52754		52755		52756		52757		52758		52759		52760		52761		52762		52763		52764		52765		52766		52767	
52768		52769		52770		52771		52772		52773		52774		52775		52776		52777		52778		52779		52780	A	52781	B
52782	C	52783	D	52784		52785		52786	E	52787		52788	F	52789		52790	G	52791	H	52792	I	52793	J	52794	K	52795	L
52796	M	52797	N	52798	O	52799	P	52800	Q	52801	R	52802	S	52803	T	52804	U	52805	V	52806	W	52807	X	52808	Y	52809	Z
52810	a	52811	b	52812	c	52813	d	52814	e	52815	f	52816	g	52817	h	52818	i	52819	j	52820	k	52821	l	52822	m	52823	n
52824	ġ	52825	Ģ	52826	o	52827	p	52828	ģ	52829	q	52830	r	52831	Ĥ	52832	ĥ	52833	Ħ	52834	s	52835	t	52836	u	52837	v
52838	w	52839	x	52840	ħ	52841	Ĩ	52842	y	52843	ĩ	52844	z	52845	Ī	52846		52847		52848		52849		52850		52851	
52852	ī	52853	Ĭ	52854		52855		52856	ĭ	52857		52858		52859		52860	Į	52861		52862		52863		52864		52865	
52866		52867		52868	į	52869	İ	52870		52871	ı	52872		52873	Ĳ	52874		52875		52876		52877		52878		52879	
52880	ĳ	52881	Ĵ	52882		52883		52884	ĵ	52885		52886		52887		52888	Ķ	52889		52890	A	52891	B	52892	C	52893	D
52894	E	52895	F	52896	ķ	52897	ĸ	52898	G	52899	Ĺ	52900	ĺ	52901	Ļ	52902	H	52903	I	52904	J	52905	K	52906	L	52907	M
52908	ļ	52909	Ľ	52910	N	52911	O	52912	P	52913	Q	52914	R	52915	S	52916	T	52917	U	52918	V	52919	W	52920	X	52921	Y
52922	Z	52923	a	52924	b	52925	c	52926	d	52927	e	52928	f	52929	ľ	52930	g	52931	h	52932	i	52933	j	52934	k	52935	l
52936	m	52937	n	52938	o	52939	p	52940	q	52941	r	52942	s	52943	t	52944	u	52945	v	52946	w	52947	x	52948	y	52949	z
52950		52951		52952		52953		52954		52955		52956		52957		52958		52959		52960		52961		52962		52963	
52964	Ŀ	52965		52966		52967		52968		52969		52970		52971		52972		52973		52974		52975		52976		52977	
52978		52979		52980		52981		52982		52983		52984		52985		52986		52987		52988		52989		52990		52991	
52992		52993		52994	A	52995	B	52996		52997	C	52998	D	52999	E	53000		53001	F	53002	G	53003	H	53004	I	53005	J
53006	K	53007	L	53008		53009		53010	M	53011		53012	N	53013		53014	O	53015	P	53016	Q	53017	R	53018	S	53019	T
53020		53021	U	53022	V	53023	W	53024		53025	X	53026	Y	53027	Z	53028		53029	a	53030	b	53031	c	53032	d	53033	e
53034	f	53035	g	53036		53037		53038	h	53039		53040		53041		53042	i	53043	j	53044	k	53045	l	53046	m	53047	n
53048		53049	o	53050	p	53051	q	53052	r	53053	s	53054	t	53055	u	53056	v	53057	w	53058	x	53059	y	53060	z	53061	
53062		53063		53064		53065		53066		53067		53068		53069		53070		53071		53072		53073		53074		53075	
53076		53077		53078		53079		53080		53081		53082		53083		53084		53085		53086		53087		53088		53089	
53090		53091		53092		53093		53094		53095		53096		53097		53098		53099		53100		53101	A	53102	B	53103	C
53104		53105		53106	D	53107	E	53108		53109	F	53110	G	53111	H	53112		53113	I	53114	J	53115	K	53116	L	53117	M
53118	N	53119	O	53120		53121	P	53122	Q	53123	R	53124	S	53125		53126	T	53127	U	53128	V	53129	W	53130	X	53131	Y
53132		53133	Z	53134	a	53135	b	53136	c	53137	d	53138	e	53139	f	53140	g	53141	h	53142	i	53143	j	53144	k	53145	l
53146	m	53147	n	53148	o	53149	p	53150	q	53151	r	53152	s	53153		53154	t	53155	u	53156	v	53157	w	53158	x	53159	y
53160		53161	z	53162		53163		53164		53165		53166		53167		53168		53169		53170		53171		53172		53173	
53174		53175		53176		53177		53178		53179		53180		53181		53182		53183		53184		53185		53186		53187	
53188		53189		53190		53191		53192		53193		53194		53195		53196	A	53197	B	53198	C	53199	D	53200	E	53201	F
53202	G	53203	H	53204	I	53205	J	53206	K	53207	L	53208	M	53209	N	53210	O	53211	P	53212	Q	53213	R	53214	S	53215	T
53216		53217		53218	U	53219	V	53220		53221	W	53222	X	53223	Y	53224		53225	Z	53226	a	53227	b	53228	c	53229	d
53230	e	53231	f	53232		53233		53234	g	53235		53236	h	53237		53238	i	53239	j	53240	k	53241	l	53242	m	53243	n
53244		53245	o	53246	p	53247	q	53248		53249	r	53250	s	53251	t	53252		53253	u	53254	v	53255	w	53256	x	53257	y
53258	z	53259		53260		53261		53262		53263		53264		53265		53266		53267		53268		53269		53270		53271	
53272		53273		53274		53275		53276		53277		53278		53279		53280		53281		53282		53283		53284		53285	
53286		53287		53288		53289		53290		53291		53292		53293		53294	A	53295	B	53296	C	53297	D	53298	E	53299	F
53300		53301		53302	G	53303	H	53304		53305	I	53306	J	53307	K	53308		53309	L	53310	M	53311	N	53312	O	53313	P
53314	Q	53315	R	53316	š	53317	Ţ	53318	S	53319	ţ	53320	T	53321	Ť	53322	U	53323	V	53324	W	53325	X	53326	Y	53327	Z
53328	ť	53329	a	53330	b	53331	c	53332	Ŧ	53333	d	53334	e	53335	f	53336	ŧ	53337	g	53338	h	53339	i	53340	j	53341	k
53342	l	53343	m	53344	Ũ	53345	n	53346	o	53347	p	53348	q	53349	r	53350	s	53351	t	53352	u	53353	v	53354	w	53355	x
53356	ũ	53357	Ū	53358	y	53359	z	53360	ū	53361		53362		53363		53364	Ŭ	53365		53366		53367		53368		53369	
53370		53371		53372	ŭ	53373	Ů	53374		53375		53376		53377	ů	53378		53379		53380		53381		53382		53383	
53384		53385		53386		53387		53388		53389		53390		53391		53392		53393		53394		53395		53396		53397	A
53398	B	53399	C	53400	D	53401	E	53402	F	53403	G	53404	H	53405	I	53406	J	53407	K	53408	L	53409	M	53410	N	53411	O
53412	Ű	53413	ű	53414	P	53415	Q	53416	Ų	53417	R	53418	S	53419	T	53420	ų	53421	U	53422	V	53423	W	53424	X	53425	Y
53426	Z	53427	a	53428	Ŵ	53429	ŵ	53430	b	53431	Ŷ	53432	c	53433	ŷ	53434	d	53435	e	53436	f	53437	g	53438	h	53439	i
53440	Ÿ	53441	Ź	53442	j	53443	k	53444	ź	53445	l	53446	m	53447	n	53448	Ż	53449	ż	53450	o	53451	p	53452	q	53453	r
53454	s	53455	t	53456	Ž	53457	ž	53458	u	53459	ſ	53460		53461		53462	v	53463	w	53464	x	53465	y	53466	z	53467	
53468		53469		53470		53471		53472		53473		53474		53475		53476		53477		53478		53479		53480		53481	
53482		53483		53484		53485		53486		53487		53488		53489		53490		53491		53492		53493		53494		53495	
53496		53497		53498		53499		53500		53501		53502		53503		53504		53505		53506		53507		53508		53509	A
53510	B	53511	C	53512	D	53513	E	53514	F	53515	G	53516	H	53517		53518	I	53519	J	53520	K	53521	L	53522	M	53523	N
53524	O	53525	P	53526	Q	53527	R	53528	S	53529	T	53530	U	53531	V	53532	W	53533	X	53534	Y	53535	Z	53536	a	53537	b
53538	c	53539	d	53540	e	53541	f	53542	g	53543	h	53544	i	53545	j	53546	k	53547	l	53548	m	53549	n	53550	o	53551	p
53552		53553		53554	q	53555	r	53556		53557	s	53558	t	53559	u	53560		53561	v	53562		53563	w	53564	x	53565	y
53566	z	53567		53568		53569		53570		53571		53572		53573		53574		53575		53576		53577		53578		53579	
53580		53581		53582		53583		53584		53585		53586		53587		53588		53589		53590		53591		53592		53593	
53594		53595		53596		53597		53598		53599		53600		53601		53602		53603		53604		53605		53606		53607	
53608		53609		53610		53611		53612		53613		53614	A	53615	B	53616	C	53617	D	53618	E	53619	F	53620	G	53621	H
53622	I	53623	J	53624	K	53625	L	53626	M	53627	N	53628		53629	O	53630	P	53631	Q	53632	R	53633	S	53634	T	53635	U
53636		53637	V	53638	W	53639	X	53640		53641	Y	53642	Z	53643	a	53644	b	53645	c	53646	d	53647	e	53648	f	53649	g
53650	h	53651	i	53652	j	53653	k	53654	l	53655	m	53656	n	53657	o	53658	p	53659	q	53660	r	53661	s	53662	t	53663	u
53664		53665		53666	v	53667	w	53668		53669	x	53670	y	53671	z	53672		53673		53674		53675		53676		53677	
53678		53679		53680		53681		53682		53683		53684		53685		53686		53687		53688		53689		53690		53691	
53692		53693		53694		53695		53696		53697		53698		53699		53700		53701		53702		53703		53704		53705	
53706		53707		53708		53709		53710		53711		53712	A	53713	B	53714	C	53715	D	53716	E	53717	F	53718	G	53719	H
53720		53721	I	53722	J	53723	K	53724	L	53725	M	53726	N	53727	O	53728	P	53729	Q	53730	R	53731	S	53732	T	53733	U
53734	V	53735	W	53736	X	53737	Y	53738	Z	53739	a	53740	b	53741	c	53742	d	53743	e	53744	f	53745	g	53746	h	53747	i
53748		53749	j	53750	k	53751	l	53752		53753	m	53754	n	53755	o	53756	p	53757	q	53758	r	53759	s	53760	t	53761	u
53762	v	53763	w	53764	x	53765	y	53766	z	53767		53768		53769		53770		53771		53772		53773		53774		53775	
53776		53777		53778		53779		53780		53781		53782		53783		53784		53785		53786		53787		53788		53789	
53790		53791		53792		53793		53794		53795		53796		53797		53798		53799		53800		53801		53802	A	53803	B
53804		53805		53806	C	53807	D	53808		53809	E	53810	F	53811	G	53812		53813	H	53814	I	53815	J	53816	K	53817	L
53818	M	53819	N	53820		53821		53822	O	53823		53824	P	53825		53826	Q	53827	R	53828	S	53829	T	53830	U	53831	V
53832		53833	W	53834	X	53835	Y	53836	Z	53837	a	53838	b	53839	c	53840	d	53841	e	53842	f	53843	g	53844	h	53845	i
53846	j	53847	k	53848	l	53849	m	53850	n	53851	o	53852		53853	p	53854	q	53855	r	53856	s	53857	t	53858	u	53859	v
53860	ơ	53861	w	53862	x	53863	y	53864	z	53865		53866		53867		53868		53869		53870		53871		53872		53873	
53874		53875		53876		53877		53878		53879		53880		53881		53882		53883		53884		53885		53886		53887	
53888	Ƣ	53889	ƣ	53890		53891		53892	Ƥ	53893		53894		53895		53896	ƥ	53897		53898		53899		53900		53901	A
53902	B	53903	C	53904	Ʀ	53905	Ƨ	53906	D	53907	E	53908	F	53909	ƨ	53910	G	53911	H	53912	I	53913	J	53914	K	53915	L
53916	Ʃ	53917	M	53918	N	53919	O	53920	ƪ	53921	P	53922	Q	53923	R	53924	ƫ	53925	S	53926	T	53927	U	53928	V	53929	W
53930	X	53931	Y	53932	Ƭ	53933	Z	53934	a	53935	b	53936	c	53937	ƭ	53938	d	53939	e	53940	f	53941	g	53942	h	53943	i
53944	Ʈ	53945	Ư	53946	j	53947	k	53948	ư	53949	l	53950	m	53951	Ʊ	53952	Ʋ	53953	n	53954	Ƴ	53955	o	53956	p	53957	q
53958	r	53959	s	53960	ƴ	53961	Ƶ	53962	t	53963	ƶ	53964	u	53965	v	53966	w	53967	x	53968	y	53969	z	53970		53971	
53972	Ʒ	53973		53974		53975		53976	Ƹ	53977		53978		53979		53980	ƹ	53981		53982		53983		53984		53985	
53986		53987		53988	ƺ	53989	ƻ	53990		53991		53992		53993		53994		53995		53996		53997		53998		53999	
54000	Ƽ	54001	ƽ	54002		54003		54004	ƾ	54005		54006		54007		54008	ƿ	54009		54010		54011	A	54012	B	54013	C
54014	D	54015	E	54016		54017		54018	F	54019		54020	G	54021		54022	H	54023	I	54024	J	54025	K	54026	L	54027	M
54028		54029		54030		54031	N	54032		54033	O	54034	P	54035	Q	54036		54037	R	54038		54039	S	54040	T	54041	U
54042	V	54043	W	54044		54045		54046	X	54047		54048		54049		54050	Y	54051	Z	54052	a	54053		54054	b	54055	c
54056		54057		54058	d	54059	e	54060		54061	f	54062	g	54063	h	54064		54065	i	54066	j	54067	k	54068	l	54069	m
54070	n	54071	o	54072		54073		54074	p	54075		54076		54077		54078	q	54079	r	54080	s	54081	t	54082	u	54083	v
54084		54085		54086	w	54087	x	54088	y	54089	z	54090		54091		54092		54093		54094		54095		54096		54097	
54098		54099		54100		54101		54102		54103		54104		54105		54106		54107		54108		54109		54110		54111	
54112		54113		54114		54115		54116		54117		54118		54119		54120		54121		54122	A	54123	B	54124	C	54125	D
54126	E	54127	F	54128	G	54129	H	54130	I	54131	J	54132	K	54133	L	54134	M	54135	N	54136	O	54137	P	54138	Q	54139	R
54140		54141		54142	S	54143	T	54144		54145	U	54146	V	54147	W	54148		54149	X	54150	Y	54151	Z	54152	a	54153	b
54154	c	54155	d	54156		54157		54158	e	54159		54160		54161		54162	f	54163	g	54164	h	54165	i	54166	j	54167	k
54168		54169		54170	l	54171	m	54172		54173	n	54174	o	54175	p	54176		54177	q	54178	r	54179	s	54180	t	54181	u
54182	v	54183	w	54184		54185		54186	x	54187		54188	y	54189		54190	z	54191		54192		54193		54194		54195	
54196		54197		54198		54199		54200		54201		54202		54203		54204		54205		54206		54207		54208		54209	
54210		54211		54212		54213		54214		54215		54216		54217		54218		54219		54220		54221		54222		54223	
54224		54225		54226		54227		54228		54229		54230		54231	A	54232		54233	B	54234	C	54235	D	54236	E	54237	F
54238	G	54239	H	54240	I	54241		54242	J	54243		54244	K	54245	L	54246	M	54247	N	54248	O	54249	P	54250	Q	54251	R
54252		54253		54254	S	54255	T	54256		54257	U	54258	V	54259	W	54260		54261	X	54262	Y	54263	Z	54264	a	54265	b
54266	c	54267	d	54268		54269		54270	e	54271		54272	f	54273		54274	g	54275	h	54276	i	54277	j	54278	k	54279	l
54280	ǡ	54281	m	54282	n	54283	o	54284	p	54285	q	54286	r	54287	s	54288	t	54289	u	54290	v	54291	w	54292	x	54293	y
54294	z	54295		54296		54297		54298		54299		54300		54301	Ǣ	54302		54303		54304		54305		54306		54307	
54308		54309		54310		54311		54312		54313		54314		54315		54316		54317		54318		54319		54320		54321	
54322		54323		54324		54325		54326		54327		54328	A	54329	B	54330	C	54331	D	54332	E	54333	F	54334	G	54335	H
54336	ǣ	54337	I	54338	J	54339	K	54340	Ǥ	54341	L	54342	M	54343	N	54344	O	54345	P	54346	Q	54347	R	54348	S	54349	T
54350	U	54351	V	54352	W	54353	X	54354	Y	54355	Z	54356	a	54357	b	54358	c	54359	d	54360	e	54361	f	54362	g	54363	h
54364	ǥ	54365	i	54366	j	54367	k	54368	Ǧ	54369	l	54370	m	54371	n	54372	ǧ	54373	o	54374	p	54375	q	54376	r	54377	s
54378	t	54379	u	54380	v	54381	Ǩ	54382	w	54383	ǩ	54384	x	54385	y	54386	z	54387		54388		54389		54390		54391	
54392	Ǫ	54393	ǫ	54394		54395		54396	Ǭ	54397		54398		54399	ǭ	54400	Ǯ	54401		54402	ǯ	54403		54404		54405	
54406		54407		54408	ǰ	54409	Ǳ	54410		54411	ǲ	54412		54413	ǳ	54414		54415		54416		54417		54418		54419	
54420	Ǵ	54421		54422		54423		54424		54425		54426		54427		54428		54429		54430	A	54431	B	54432	C	54433	D
54434	E	54435	F	54436	G	54437	H	54438	I	54439	J	54440	K	54441	ǵ	54442	L	54443	M	54444	N	54445	O	54446	P	54447	Q
54448	R	54449	S	54450	T	54451	U	54452	V	54453	W	54454	X	54455	Y	54456	Z	54457	a	54458	b	54459	c	54460	d	54461	e
54462	f	54463	g	54464	h	54465	i	54466	j	54467	k	54468	l	54469	m	54470	n	54471	o	54472	p	54473	q	54474	r	54475	s
54476	Ƕ	54477	t	54478	u	54479	v	54480	Ƿ	54481	w	54482	x	54483	y	54484	Ǹ	54485	z	54486		54487		54488		54489	
54490		54491		54492	ǹ	54493		54494		54495	Ǻ	54496		54497		54498		54499		54500		54501		54502		54503	
54504	ǻ	54505		54506		54507		54508	Ǽ	54509		54510		54511		54512	ǽ	54513		54514		54515		54516		54517	
54518		54519		54520	Ǿ	54521		54522		54523	ǿ	54524		54525		54526	A	54527	B	54528	C	54529	D	54530	E	54531	F
54532		54533	G	54534	H	54535	I	54536		54537	J	54538	K	54539	L	54540		54541	M	54542	N	54543	O	54544	P	54545	Q
54546	R	54547	S	54548		54549		54550	T	54551		54552	U	54553	V	54554	W	54555	X	54556	Y	54557	Z	54558	a	54559	b
54560	c	54561	d	54562	e	54563	f	54564	g	54565	h	54566	i	54567	j	54568	k	54569	l	54570	m	54571	n	54572	o	54573	p
54574	q	54575	r	54576	s	54577	t	54578	u	54579	v	54580	w	54581	x	54582	y	54583	z	54584		54585		54586		54587	
54588		54589		54590		54591		54592		54593		54594		54595		54596		54597		54598		54599		54600		54601	
54602		54603		54604		54605		54606		54607		54608		54609		54610		54611		54612		54613		54614		54615	
54616		54617		54618		54619		54620		54621		54622		54623		54624		54625		54626		54627		54628	A	54629	
54630	B	54631	C	54632		54633		54634	D	54635		54636	E	54637		54638	F	54639	G	54640	H	54641	I	54642	J	54643	K
54644		54645		54646	L	54647	M	54648		54649	N	54650	O	54651	P	54652		54653	Q	54654	R	54655	S	54656	T	54657	U
54658	V	54659	W	54660		54661		54662	X	54663		54664		54665		54666	Y	54667	Z	54668	a	54669	b	54670	c	54671	d
54672		54673	e	54674	f	54675	g	54676	h	54677	i	54678	j	54679	k	54680	l	54681	m	54682	n	54683	o	54684	p	54685	q
54686	r	54687	s	54688	t	54689	u	54690	v	54691	w	54692	x	54693		54694	y	54695	z	54696		54697		54698		54699	
54700		54701		54702		54703		54704		54705		54706		54707		54708		54709		54710		54711		54712		54713	
54714		54715		54716		54717		54718		54719		54720		54721		54722		54723		54724		54725		54726		54727	
54728		54729		54730	A	54731	B	54732		54733	C	54734	D	54735	E	54736		54737	F	54738		54739	G	54740	H	54741	I
54742	J	54743	K	54744		54745		54746	L	54747		54748	M	54749		54750	N	54751	O	54752	P	54753	Q	54754	R	54755	S
54756		54757		54758	T	54759	U	54760		54761	V	54762	W	54763	X	54764		54765	Y	54766	Z	54767	a	54768	b	54769	c
54770	d	54771	e	54772		54773		54774	f	54775		54776	g	54777		54778	h	54779	i	54780	j	54781	k	54782	l	54783	m
54784		54785		54786	n	54787	o	54788		54789	p	54790	q	54791	r	54792		54793	s	54794	t	54795	u	54796	v	54797	w
54798	x	54799	y	54800		54801		54802	z	54803		54804		54805		54806		54807		54808		54809		54810		54811	
54812		54813		54814		54815		54816		54817		54818		54819		54820	ȡ	54821		54822		54823		54824		54825	
54826		54827		54828		54829	Ȣ	54830		54831		54832		54833		54834		54835		54836		54837		54838		54839	
54840	ȣ	54841	Ȥ	54842		54843	 	54844	ȥ	54845	A	54846	B	54847	C	54848	Ȧ	54849	D	54850	E	54851	F	54852	G	54853	ȧ
54854	H	54855	I	54856	Ȩ	54857	ȩ	54858	J	54859	Ȫ	54860	K	54847	ȫ	54862	L	54863	M	54864	N	54865	Ȭ	54866	O	54867	P
54868	ȭ	54869	Ȯ	54870	Q	54871	R	54872	ȯ	54873	S	54874	T	54875	U	54876	Ȱ	54877	V	54878	W	54879	X	54880	Y	54881	Z
54882	a	54883	b	54884	c	54885	d	54886	e	54887	ȱ	54888	f	54889	Ȳ	54890	g	54891	h	54892	i	54893	j	54894	k	54895	l
54896	ȳ	54897	ȴ	54898	m	54899	n	54900	ȵ	54901	o	54902	p	54903	q	54904	r	54905	s	54906	t	54907	u	54908	v	54909	w
54910	x	54911	y	54912	z	54913	Á	54914	Â	54915	ȶ	54916	Ã	54917	ȷ	54918	Ä	54919	Å	54920	Æ	54921	Ç	54922	È	54923	É
54924	ȸ	54925	ȹ	54926	Ê	54927	Ë	54928	Ⱥ	54929	Ì	54930	Í	54931	Î	54932	Ȼ	54933	Ï	54934	Ð	54935	Ñ	54936	Ò	54937	Ó
54938	Ô	54939	Õ	54940	Ö	54941	ȼ	54942	×	54943	Ƚ	54944	Ø	54945	Ⱦ	54946	Ù	54947	Ú	54948	Û	54949	Ü	54950	Ý	54951	Þ
54952	ȿ	54953	ß	54954	à	54955	A	54956		54957	B	54958	C	54959	D	54960		54961	E	54962	F	54963	G	54964	H	54965	I
54966	J	54967	K	54968	L	54969		54970	M	54971		54972	N	54973	O	54974	P	54975	Q	54976	R	54977	S	54978	T	54979	U
54980		54981		54982	V	54983	W	54984		54985	X	54986	Y	54987	Z	54988		54989	a	54990	b	54991	c	54992	d	54993	
54994	e	54995	f	54996		54997	g	54998	h	54999		55000	i	55001		55002	j	55003	k	55004	l	55005	m	55006	n	55007	o
55008		55009	p	55010	q	55011	r	55012		55013	s	55014	t	55015	u	55016		55017	v	55018	w	55019	x	55020	y	55021	z
55022	ā	55023	Ă	55024		55025	ă	55026	Ą	55027	ą	55028	Ć	55029		55030	ć	55031	Ĉ	55032	ĉ	55033	Ċ	55034	ċ	55035	Č
55036		55037		55038	č	55039	Ď	55040		55041	ď	55042	Đ	55043	đ	55044		55045	Ē	55046	ē	55047	Ĕ	55048	ĕ	55049	Ė
55050	ė	55051	Ę	55052	ę	55053	Ě	55054	ě	55055	Ĝ	55056	ĝ	55057		55058	Ğ	55059	ğ	55060	Ġ	55061	A	55062	B	55063	C
55064		55065		55066	D	55067	E	55068		55069	F	55070	G	55071	H	55072		55073	I	55074	J	55075	K	55076	L	55077	M
55078	N	55079	O	55080		55081		55082	P	55083		55084	Q	55085		55086	R	55087	S	55088	T	55089	U	55090	V	55091	W
55092		55093		55094	X	55095	Y	55096		55097	Z	55098	a	55099	b	55100		55101	c	55102	d	55103	e	55104	f	55105	g
55106	h	55107	i	55108		55109	j	55110	k	55111		55112	l	55113		55114	m	55115	n	55116	o	55117	p	55118	q	55119	r
55120		55121		55122	s	55123	t	55124		55125	u	55126		55127		55128		55129		55130	v	55131	w	55132	x	55133	y
55134	z	55135	Ł	55136		55137		55138	ł	55139		55140	Ń	55141		55142	ń	55143	Ņ	55144	ņ	55145		55146	Ň	55147	ň
55148		55149	ŉ	55150	Ŋ	55151	ŋ	55152		55153	Ō	55154	ō	55155	Ŏ	55156		55157	ŏ	55158	Ő	55159	ő	55160	Œ	55161	œ
55162	Ŕ	55163	ŕ	55164		55165		55166	Ŗ	55167	ŗ	55168	Ř	55169		55170	ř	55171	Ś	55172	ś	55173	Ŝ	55174	ŝ	55175	Ş
55176		55177		55178	ş	55179	Š	55180		55181	A	55182	B	55183	C	55184		55185	D	55186	E	55187	F	55188	G	55189	H
55190	I	55191	J	55192		55193		55194	K	55195		55196	L	55197		55198	M	55199	N	55200	O	55201	P	55202	Q	55203	R
